2 0.17265625 0.065625 0.09921875 0.0296875
11 0.503125 0.05859375 0.15 0.01875
3 0.7015625 0.059375 0.03046875 0.01953125
5 0.84453125 0.059375 0.02109375 0.01484375
5 0.371875 0.10234375 0.01796875 0.01875
15 0.38828125 0.08125 0.02734375 0.01328125
10 0.475 0.08203125 0.07578125 0.0203125
12 0.6390625 0.08046875 0.05234375 0.01953125
1 0.415625 0.125 0.090625 0.01875
9 0.3671875 0.18359375 0.02265625 0.0234375
4 0.7046875 0.1859375 0.03203125 0.01875
4 0.3921875 0.26953125 0.0375 0.0171875
4 0.6328125 0.5484375 0.03203125 0.01953125
4 0.63125 0.56953125 0.03359375 0.01796875
14 0.3859375 0.2078125 0.05625 0.01796875
19 0.61953125 0.20703125 0.0859375 0.01875
19 0.5078125 0.228125 0.09296875 0.01796875
19 0.40078125 0.2484375 0.0875 0.015625
19 0.93203125 0.27265625 0.084375 0.015625
19 0.78671875 0.29140625 0.08671875 0.01796875
19 0.7046875 0.31328125 0.0875 0.01796875
8 0.8546875 0.2046875 0.05390625 0.01953125
6 0.73046875 0.225 0.03046875 0.01875
6 0.37109375 0.31171875 0.03046875 0.0203125
0 0.63671875 0.2484375 0.01953125 0.01875
13 0.69609375 0.2703125 0.05546875 0.01640625
7 0.5359375 0.290625 0.05390625 0.01875
17 0.8359375 0.4421875 0.06015625 0.0203125
17 0.9421875 0.46328125 0.0625 0.01484375
18 0.9390625 0.52890625 0.06484375 0.01640625
16 0.75625 0.59296875 0.06796875 0.01953125