17 0.18125 0.05625 0.0640625 0.021875
16 0.11796875 0.22109375 0.06875 0.01875
4 0.55390625 0.06875 0.034375 0.0171875
19 0.4921875 0.08203125 0.025 0.0203125
19 0.759375 0.16484375 0.0875 0.0234375
19 0.61640625 0.17734375 0.0828125 0.0265625
19 0.5421875 0.1921875 0.0796875 0.01875
13 0.540625 0.14921875 0.0546875 0.01875
8 0.67890625 0.09609375 0.053125 0.0234375
6 0.5484375 0.10625 0.0265625 0.021875
17 0.653125 0.321875 0.059375 0.021875
0 0.48515625 0.121875 0.0109375 0.021875
6 0.21796875 0.4375 0.0328125 0.0171875
0 0.47578125 0.3953125 0.0078125 0.0125
7 0.38359375 0.4296875 0.059375 0.0234375
4 0.459375 0.69140625 0.0359375 0.01875
4 0.45859375 0.71328125 0.0328125 0.0171875
11 0.8328125 0.4265625 0.128125 0.025
3 0.99140625 0.43515625 0.0171875 0.0171875
15 0.73828125 0.43828125 0.0234375 0.015625
10 0.8078125 0.44296875 0.059375 0.01875
12 0.94609375 0.45234375 0.0421875 0.0171875
5 0.72109375 0.45625 0.021875 0.0140625
1 0.75859375 0.47890625 0.075 0.021875
9 0.71328125 0.53515625 0.0171875 0.0140625
4 0.990625 0.5546875 0.01875 0.0125
14 0.725 0.55625 0.0484375 0.01875
19 0.92109375 0.56953125 0.0703125 0.01875
19 0.82890625 0.58359375 0.075 0.01875
19 0.7359375 0.596875 0.071875 0.01875
0 0.93515625 0.609375 0.0140625 0.0125
4 0.72890625 0.615625 0.028125 0.0125
13 0.9796875 0.634375 0.040625 0.015625
7 0.846875 0.6453125 0.04375 0.015625
6 0.7078125 0.65390625 0.028125 0.015625
19 0.9765625 0.6734375 0.046875 0.015625
4 0.91328125 0.88828125 0.0265625 0.0125
4 0.91171875 0.909375 0.0328125 0.0125
16 0.99140625 0.93671875 0.0171875 0.0171875
2 0.5546875 0.41484375 0.075 0.025