2 0.75703125 0.08125 0.09296875 0.028125
11 0.16171875 0.06875 0.15859375 0.0171875
3 0.365625 0.0703125 0.0375 0.01484375
5 0.50859375 0.071875 0.02265625 0.01640625
5 0.034375 0.11484375 0.01953125 0.0171875
15 0.0484375 0.09375 0.025 0.01640625
10 0.13671875 0.09375 0.0765625 0.01484375
12 0.3 0.0921875 0.0515625 0.01640625
1 0.07578125 0.134375 0.0890625 0.01953125
9 0.03125 0.1984375 0.0234375 0.0203125
4 0.3703125 0.19921875 0.0359375 0.015625
4 0.0578125 0.28359375 0.0359375 0.0140625
14 0.04921875 0.21953125 0.053125 0.015625
19 0.28046875 0.21953125 0.09296875 0.01796875
8 0.5171875 0.221875 0.05703125 0.01953125
19 0.16796875 0.240625 0.08828125 0.0171875
19 0.0640625 0.26171875 0.08515625 0.015625
19 0.59921875 0.28515625 0.0921875 0.01875
19 0.45234375 0.30703125 0.08671875 0.01796875
19 0.36953125 0.32890625 0.0890625 0.02109375
6 0.3953125 0.2421875 0.03125 0.0171875
6 0.0375 0.3265625 0.0296875 0.01484375
0 0.29921875 0.26171875 0.02265625 0.0171875
13 0.35859375 0.28515625 0.0609375 0.01640625
7 0.20078125 0.303125 0.06015625 0.0171875
17 0.50078125 0.45546875 0.06640625 0.01796875
17 0.6078125 0.4765625 0.06484375 0.0171875
18 0.6015625 0.540625 0.06015625 0.02109375
4 0.2984375 0.5640625 0.0375 0.01875
4 0.296875 0.58359375 0.040625 0.01640625
16 0.42421875 0.60625 0.06796875 0.0171875