2 0.146875 0.0734375 0.0921875 0.02734375
11 0.4859375 0.065625 0.15546875 0.0203125
3 0.69140625 0.06875 0.03828125 0.021875
5 0.83515625 0.06328125 0.02578125 0.0140625
5 0.3578125 0.1078125 0.01953125 0.01328125
15 0.37265625 0.0875 0.02890625 0.01484375
10 0.46171875 0.0875 0.0765625 0.015625
12 0.628125 0.0875 0.05546875 0.01796875
1 0.4015625 0.1296875 0.09921875 0.01796875
9 0.3546875 0.19140625 0.0203125 0.01796875
4 0.696875 0.190625 0.03515625 0.0125
4 0.37890625 0.275 0.03671875 0.01640625
4 0.625 0.5484375 0.034375 0.01328125
4 0.6234375 0.56875 0.0359375 0.01484375
14 0.3703125 0.2125 0.06171875 0.01640625
19 0.609375 0.21171875 0.08828125 0.015625
19 0.49765625 0.2328125 0.08515625 0.01796875
19 0.38671875 0.253125 0.0875 0.0125
19 0.928125 0.27421875 0.0859375 0.01796875
19 0.7765625 0.29375 0.0828125 0.01328125
19 0.69765625 0.31484375 0.0875 0.015625
8 0.85078125 0.2109375 0.05703125 0.021875
6 0.72421875 0.23046875 0.028125 0.01640625
6 0.35703125 0.315625 0.0328125 0.01796875
0 0.628125 0.2515625 0.02109375 0.01640625
13 0.68828125 0.27421875 0.05546875 0.01953125
7 0.52578125 0.29375 0.05703125 0.01796875
17 0.8328125 0.440625 0.06171875 0.0125
17 0.93984375 0.4640625 0.065625 0.01796875
18 0.9390625 0.525 0.0609375 0.01640625
16 0.75 0.58828125 0.07421875 0.0203125