17 0.0109375 0.1171875 0.021875 0.015625
18 0.00859375 0.18046875 0.0171875 0.0140625
0 0.36796875 0.00625 0.01875 0.0125
13 0.41953125 0.028125 0.0453125 0.0140625
19 0.628125 0.03125 0.078125 0.0140625
7 0.29140625 0.0453125 0.0234375 0.015625
19 0.5 0.04921875 0.0734375 0.0140625
19 0.42734375 0.06796875 0.0765625 0.0125
17 0.54140625 0.19140625 0.053125 0.0140625
17 0.63515625 0.2125 0.0546875 0.0140625
18 0.6328125 0.271875 0.0578125 0.0140625
4 0.36484375 0.2890625 0.0296875 0.0140625
4 0.36640625 0.309375 0.03125 0.0109375
16 0.4734375 0.33125 0.0578125 0.015625
19 0.190625 0.5078125 0.0890625 0.0203125
19 0.10625 0.52734375 0.0890625 0.0203125
13 0.09921875 0.48671875 0.0546875 0.0140625
17 0.23515625 0.66015625 0.065625 0.0203125
4 0.03828125 0.7640625 0.0390625 0.0171875
4 0.0375 0.784375 0.0390625 0.0171875
16 0.159375 0.80859375 0.0671875 0.021875
1 0.69765625 0.4859375 0.0828125 0.0125
14 0.8125 0.56796875 0.0484375 0.0140625
8 0.86484375 0.584375 0.0515625 0.0171875
19 0.6640625 0.60078125 0.075 0.0171875
6 0.9 0.6015625 0.0265625 0.0140625
19 0.8953125 0.61875 0.075 0.015625
4 0.8890625 0.63515625 0.0296875 0.0125
13 0.6484375 0.6484375 0.046875 0.0140625
19 0.92578125 0.65078125 0.075 0.015625
19 0.98203125 0.66875 0.0359375 0.015625
7 0.646875 0.665625 0.0484375 0.015625
6 0.6390625 0.6828125 0.0265625 0.015625
19 0.66328125 0.70078125 0.0796875 0.0140625
17 0.78828125 0.79765625 0.0515625 0.015625
17 0.97109375 0.8171875 0.05625 0.015625
18 0.9515625 0.865625 0.05 0.0171875
4 0.88203125 0.88203125 0.028125 0.0125
9 0.6328125 0.55 0.009375 0.0125