19 0.0390625 0.00625 0.078125 0.0125
6 0.14609375 0.01328125 0.034375 0.0203125
0 0.05 0.04375 0.021875 0.01875
13 0.115625 0.059375 0.0578125 0.021875
19 0.31875 0.04140625 0.021875 0.0265625
19 0.20703125 0.07421875 0.0890625 0.0265625
19 0.1265625 0.10234375 0.090625 0.0265625
17 0.2703125 0.22109375 0.0671875 0.025
4 0.0765625 0.34609375 0.0390625 0.0203125
4 0.0765625 0.36640625 0.0375 0.0171875
16 0.20390625 0.37421875 0.0703125 0.0109375
4 0.42578125 0.1203125 0.034375 0.01875
4 0.4265625 0.140625 0.0296875 0.01875
18 0.7046875 0.07421875 0.05625 0.021875
16 0.51953125 0.1546875 0.0625 0.021875
17 0.70546875 0.015625 0.0625 0.021875
16 0.1796875 0.5703125 0.0578125 0.01875
4 0.090625 0.53828125 0.03125 0.015625
4 0.090625 0.55859375 0.034375 0.0125
17 0.2484375 0.4265625 0.0578125 0.021875
5 0.465625 0.3921875 0.01875 0.0125
1 0.50625 0.409375 0.084375 0.021875
9 0.47109375 0.4703125 0.0171875 0.0140625
4 0.75625 0.4453125 0.0296875 0.0140625
14 0.48515625 0.48984375 0.046875 0.01875
19 0.68359375 0.47265625 0.075 0.01875
8 0.88515625 0.45390625 0.0484375 0.01875
19 0.59375 0.50078125 0.0734375 0.01875
19 0.5015625 0.528125 0.0765625 0.021875
19 0.95625 0.5078125 0.0734375 0.021875
19 0.83359375 0.5390625 0.0734375 0.0203125
19 0.765625 0.56484375 0.0734375 0.01875
6 0.78125 0.4828125 0.0265625 0.015625
0 0.70234375 0.509375 0.015625 0.0125
4 0.49921875 0.546875 0.0328125 0.015625
13 0.75546875 0.525 0.046875 0.015625
7 0.62109375 0.55703125 0.0453125 0.0171875
6 0.4828125 0.58828125 0.0265625 0.0140625
17 0.8875 0.67578125 0.05625 0.021875
17 0.9765625 0.68828125 0.046875 0.0171875
18 0.978125 0.746875 0.04375 0.01875
4 0.725 0.78984375 0.0296875 0.0171875
4 0.7265625 0.809375 0.03125 0.0140625
16 0.8328125 0.821875 0.05625 0.01875