11 0.13515625 0.0078125 0.1484375 0.015625
3 0.334375 0.0046875 0.0375 0.009375
5 0.47421875 0.003125 0.0234375 0.00625
15 0.0265625 0.02890625 0.0265625 0.015625
12 0.2734375 0.025 0.05 0.01875
5 0.009375 0.05 0.0171875 0.015625
1 0.05546875 0.07109375 0.0921875 0.0203125
9 0.01015625 0.134375 0.0203125 0.01875
4 0.33984375 0.12890625 0.0359375 0.015625
14 0.02578125 0.15546875 0.0515625 0.0171875
19 0.25546875 0.1515625 0.0875 0.0203125
19 0.14765625 0.17578125 0.0859375 0.0171875
19 0.04296875 0.19765625 0.0859375 0.0203125
19 0.53671875 0.2109375 0.0265625 0.01875
19 0.421875 0.23515625 0.084375 0.01875
19 0.34296875 0.25703125 0.084375 0.0203125
8 0.48984375 0.146875 0.059375 0.021875
6 0.3671875 0.1703125 0.0328125 0.0171875
6 0.0140625 0.2609375 0.028125 0.015625
0 0.27265625 0.19296875 0.0203125 0.01875
13 0.33359375 0.215625 0.0546875 0.01875
7 0.17734375 0.2390625 0.059375 0.0203125
17 0.47421875 0.38359375 0.0625 0.0203125
4 0.275 0.49375 0.0359375 0.015625
4 0.2765625 0.515625 0.0328125 0.015625
16 0.4 0.534375 0.0703125 0.015625
10 0.1109375 0.028125 0.06875 0.01875
1 0.63125 0.00625 0.09375 0.0125
9 0.590625 0.071875 0.021875 0.01875
4 0.9359375 0.05859375 0.034375 0.0171875
14 0.6078125 0.0921875 0.053125 0.015625
19 0.825 0.0859375 0.0828125 0.015625
19 0.72734375 0.10859375 0.0890625 0.015625
19 0.62421875 0.13671875 0.08125 0.0203125
19 0.9828125 0.16796875 0.034375 0.0171875
19 0.921875 0.1921875 0.084375 0.015625
6 0.9359375 0.1015625 0.0265625 0.0140625
6 0.59921875 0.2015625 0.028125 0.0125
0 0.8546875 0.12734375 0.0140625 0.0140625
4 0.61640625 0.15703125 0.03125 0.0140625
13 0.93515625 0.146875 0.046875 0.0171875
7 0.753125 0.1765625 0.05 0.0171875
17 0.71796875 0.3765625 0.0625 0.0171875
18 0.825 0.43671875 0.0640625 0.015625
4 0.85625 0.45625 0.0359375 0.0171875
4 0.85625 0.4765625 0.0375 0.0140625
16 0.978125 0.4921875 0.04375 0.015625
4 0.48984375 0.75 0.0296875 0.0140625
4 0.48828125 0.76875 0.0296875 0.0109375
17 0.81875 0.62578125 0.0640625 0.01875
18 0.92578125 0.6875 0.0625 0.0125
4 0.99453125 0.73046875 0.0109375 0.0140625