2 0.1359375 0.0765625 0.07109375 0.01796875
11 0.46484375 0.075 0.14765625 0.01171875
3 0.6546875 0.07265625 0.03359375 0.0140625
5 0.7984375 0.07109375 0.01796875 0.0171875
15 0.3578125 0.09765625 0.0234375 0.01171875
10 0.45 0.09609375 0.06953125 0.01171875
12 0.6078125 0.09609375 0.046875 0.01484375
5 0.34296875 0.1171875 0.01640625 0.0109375
1 0.3859375 0.140625 0.09375 0.01484375
9 0.34375 0.20625 0.01484375 0.0140625
4 0.6890625 0.20390625 0.034375 0.01328125
4 0.36640625 0.29296875 0.0328125 0.01328125
14 0.3578125 0.23046875 0.04765625 0.0140625
19 0.575 0.22890625 0.08203125 0.01484375
19 0.475 0.24921875 0.084375 0.015625
19 0.371875 0.271875 0.0765625 0.015625
19 0.88515625 0.290625 0.08125 0.01640625
19 0.75625 0.3140625 0.08515625 0.0140625
19 0.66875 0.33828125 0.0796875 0.01484375
6 0.6875 0.24921875 0.02421875 0.0140625
0 0.6046875 0.26953125 0.0140625 0.01328125
13 0.6859375 0.2921875 0.04921875 0.0140625
7 0.50078125 0.315625 0.05 0.015625
8 0.79921875 0.225 0.05 0.01640625
17 0.77890625 0.47421875 0.05703125 0.01796875
17 0.45859375 0.5203125 0.059375 0.01484375
18 0.5625 0.58203125 0.0578125 0.015625
4 0.59453125 0.60234375 0.0359375 0.0140625
4 0.59296875 0.62578125 0.03359375 0.01640625
16 0.728125 0.64375 0.06328125 0.015625
6 0.34765625 0.3390625 0.0265625 0.015625