11 0.1734375 0.04296875 0.1515625 0.0265625
3 0.371875 0.03203125 0.040625 0.01875
15 0.0609375 0.0703125 0.028125 0.0171875
12 0.31171875 0.0578125 0.0546875 0.021875
5 0.046875 0.0921875 0.021875 0.015625
1 0.090625 0.11171875 0.0953125 0.0265625
10 0.14921875 0.0671875 0.0703125 0.01875
9 0.046875 0.17578125 0.021875 0.01875
4 0.38359375 0.1578125 0.0359375 0.01875
4 0.078125 0.259375 0.0375 0.0171875
4 0.33203125 0.52578125 0.0359375 0.0171875
4 0.33203125 0.54765625 0.0359375 0.0171875
14 0.065625 0.19609375 0.05625 0.021875
19 0.29765625 0.184375 0.0859375 0.0234375
19 0.18984375 0.21171875 0.0859375 0.021875
19 0.08125 0.2375 0.0875 0.0203125
19 0.3890625 0.2859375 0.08125 0.021875
6 0.4140625 0.19921875 0.03125 0.015625
6 0.05703125 0.303125 0.034375 0.0203125
0 0.31796875 0.22578125 0.0265625 0.0203125
13 0.3796875 0.24453125 0.0578125 0.01875
7 0.221875 0.2734375 0.059375 0.0203125
19 0.4515625 0.01484375 0.04375 0.0203125
6 0.67109375 0.003125 0.0265625 0.00625
19 0.66796875 0.01640625 0.075 0.0171875
0 0.9 0.0046875 0.021875 0.009375
4 0.66328125 0.0328125 0.0296875 0.0140625
13 0.43828125 0.0640625 0.0171875 0.015625
19 0.70078125 0.046875 0.075 0.0171875
19 0.7765625 0.059375 0.071875 0.0171875
7 0.4390625 0.08046875 0.01875 0.0171875
19 0.45546875 0.11328125 0.0515625 0.0171875
17 0.5734375 0.203125 0.0515625 0.0171875
17 0.7578125 0.20859375 0.05625 0.0171875
18 0.74140625 0.259375 0.05 0.01875
4 0.6734375 0.2796875 0.028125 0.0125
4 0.83359375 0.28515625 0.028125 0.0140625
16 0.93125 0.29921875 0.05625 0.0140625
18 0.38203125 0.69296875 0.0671875 0.0078125
4 0.07578125 0.725 0.0359375 0.01875
4 0.075 0.74609375 0.0375 0.0203125
16 0.20234375 0.7609375 0.078125 0.025