4 0.9953125 0.1578125 0.009375 0.021875
4 0.9953125 0.17890625 0.009375 0.0203125
4 0.1984375 0.64375 0.03125 0.015625
19 0.11640625 0.66796875 0.0765625 0.0203125
19 0.02265625 0.6953125 0.0453125 0.01875
8 0.325 0.653125 0.046875 0.0171875
6 0.2046875 0.68203125 0.0265625 0.015625
0 0.1375 0.70546875 0.01875 0.015625
13 0.20078125 0.71953125 0.0484375 0.0171875
19 0.4 0.70234375 0.059375 0.0171875
19 0.27421875 0.73359375 0.0765625 0.0171875
19 0.20625 0.75703125 0.0765625 0.01875
7 0.05390625 0.74921875 0.05 0.0171875
17 0.33046875 0.86328125 0.05625 0.0171875
17 0.41640625 0.87421875 0.0265625 0.0171875
18 0.41640625 0.93125 0.0265625 0.01875
4 0.16796875 0.96953125 0.0328125 0.0140625
4 0.16796875 0.98984375 0.0328125 0.015625
16 0.2546875 0.996875 0.059375 0.00625