7 0.3734375 0.00546875 0.05625 0.0109375
6 0.20390625 0.01875 0.0296875 0.0125
4 0.6859375 0.0296875 0.0390625 0.0171875
4 0.6140625 0.39296875 0.0375 0.0140625
4 0.6109375 0.41328125 0.0375 0.0140625
19 0.596875 0.05 0.090625 0.015625
19 0.484375 0.06875 0.0921875 0.01875
19 0.91796875 0.115625 0.0921875 0.0203125
19 0.771875 0.13671875 0.0875 0.01875
19 0.68671875 0.15703125 0.0859375 0.0140625
8 0.83828125 0.053125 0.05625 0.01875
6 0.7140625 0.071875 0.03125 0.0171875
0 0.615625 0.09296875 0.025 0.01875
13 0.67734375 0.1140625 0.0578125 0.01875
7 0.51484375 0.13203125 0.0578125 0.0203125
17 0.8203125 0.2875 0.0640625 0.01875
17 0.9296875 0.3109375 0.065625 0.015625
18 0.92421875 0.37421875 0.0671875 0.0140625
16 0.740625 0.43671875 0.0671875 0.015625
17 0.35625 0.665625 0.0546875 0.0203125
4 0.18828125 0.759375 0.0328125 0.0140625
4 0.18828125 0.7796875 0.034375 0.0140625
16 0.27109375 0.8 0.0625 0.0171875
9 0.70078125 0.62265625 0.0171875 0.0140625
4 0.98203125 0.62890625 0.03125 0.0109375
14 0.7125 0.64296875 0.046875 0.015625
19 0.9078125 0.64765625 0.0734375 0.0125
19 0.8171875 0.665625 0.0734375 0.0140625
6 0.9953125 0.66796875 0.009375 0.0140625
19 0.725 0.6828125 0.06875 0.0125
0 0.92265625 0.68671875 0.01875 0.0140625
4 0.71953125 0.70390625 0.03125 0.0125
13 0.97265625 0.70703125 0.0453125 0.0140625
7 0.8390625 0.725 0.0453125 0.015625
6 0.69921875 0.7421875 0.0265625 0.0109375
19 0.971875 0.746875 0.05625 0.015625
4 0.915625 0.9671875 0.0265625 0.0125
4 0.91484375 0.9859375 0.028125 0.0109375