2 0.103125 0.03828125 0.1 0.0328125
11 0.4328125 0.01953125 0.15 0.0234375
3 0.63125 0.01328125 0.03125 0.0203125
5 0.303125 0.06796875 0.01875 0.01875
15 0.31875 0.04609375 0.028125 0.0140625
10 0.40546875 0.04375 0.0765625 0.0234375
12 0.56953125 0.03671875 0.053125 0.021875
1 0.34765625 0.0890625 0.090625 0.021875
9 0.3015625 0.14921875 0.0234375 0.0234375
4 0.6390625 0.13984375 0.0328125 0.0203125
4 0.3296875 0.234375 0.0375 0.01875
4 0.5796875 0.5046875 0.0328125 0.0203125
4 0.57890625 0.52578125 0.034375 0.01875
14 0.32109375 0.17265625 0.05625 0.0203125
19 0.5546875 0.1640625 0.0859375 0.021875
19 0.44375 0.1890625 0.09375 0.021875
19 0.3375 0.21328125 0.0875 0.01875
19 0.69921875 0.24140625 0.0390625 0.0203125
19 0.64296875 0.2671875 0.0875 0.0203125
6 0.66640625 0.178125 0.03125 0.0203125
6 0.31015625 0.27734375 0.03125 0.021875
0 0.5734375 0.2046875 0.0203125 0.01875
13 0.63359375 0.22421875 0.05625 0.01875
7 0.47421875 0.25078125 0.0546875 0.0203125
16 0.69453125 0.54375 0.0484375 0.021875
4 0.93046875 0.07265625 0.0328125 0.0140625
19 0.81484375 0.1015625 0.0859375 0.0171875
19 0.7359375 0.125 0.034375 0.021875
19 0.97734375 0.178125 0.0453125 0.01875
19 0.909375 0.2046875 0.0859375 0.0203125
6 0.9265625 0.1171875 0.03125 0.0140625
0 0.84296875 0.14140625 0.01875 0.0171875
13 0.92890625 0.15859375 0.0515625 0.01875
7 0.740625 0.1875 0.04375 0.01875
18 0.80625 0.44609375 0.0609375 0.0171875
4 0.8359375 0.46484375 0.0328125 0.015625
4 0.83828125 0.484375 0.034375 0.01875
16 0.97265625 0.503125 0.0546875 0.015625
5 0.5640625 0.71328125 0.01875 0.0203125
5 0.12578125 0.76953125 0.01875 0.0125
3 0.421875 0.71953125 0.034375 0.0140625
4 0.44296875 0.83515625 0.028125 0.0125
19 0.36484375 0.85703125 0.075 0.015625
19 0.25546875 0.88046875 0.0796875 0.015625
19 0.1578125 0.90390625 0.078125 0.015625
4 0.15234375 0.921875 0.0296875 0.015625
19 0.65390625 0.90625 0.0765625 0.01875
19 0.515625 0.92890625 0.0765625 0.0171875
19 0.44609375 0.95 0.078125 0.015625
11 0.25234375 0.72578125 0.1359375 0.028125
15 0.14453125 0.75 0.0296875 0.015625
1 0.17890625 0.7859375 0.0890625 0.01875
14 0.14375 0.8640625 0.0546875 0.021875
8 0.57265625 0.85 0.0484375 0.021875
13 0.44296875 0.91171875 0.053125 0.01875
7 0.296875 0.9359375 0.0546875 0.01875
6 0.1390625 0.9625 0.0296875 0.01875
12 0.38828125 0.73984375 0.0453125 0.0171875
10 0.2265625 0.74765625 0.0671875 0.0234375
9 0.128125 0.84609375 0.021875 0.0125
0 0.38046875 0.8953125 0.01875 0.0125
6 0.44921875 0.87109375 0.025 0.0125