19 0.18984375 0.01484375 0.0828125 0.021875
19 0.0671875 0.028125 0.084375 0.021875
19 0.4875 0.0828125 0.0625 0.015625
13 0.27421875 0.07734375 0.05 0.015625
19 0.27421875 0.11875 0.08125 0.021875
17 0.49765625 0.26796875 0.0421875 0.0171875
18 0.49453125 0.32890625 0.0484375 0.0171875
16 0.30546875 0.38359375 0.0625 0.015625
8 0.4125 0.01953125 0.0515625 0.021875
7 0.11171875 0.08984375 0.053125 0.021875
19 0.34921875 0.09921875 0.084375 0.0171875
17 0.3984375 0.246875 0.05625 0.021875
4 0.21171875 0.33671875 0.0375 0.01875
4 0.209375 0.35703125 0.0328125 0.0171875
6 0.28203125 0.03515625 0.0328125 0.021875
0 0.20859375 0.053125 0.0234375 0.021875
4 0.89140625 0.009375 0.0296875 0.0109375
16 0.984375 0.03671875 0.03125 0.0171875
8 0.09296875 0.471875 0.0484375 0.0171875
19 0.1734375 0.53203125 0.078125 0.015625
19 0.0359375 0.546875 0.071875 0.015625
17 0.0765625 0.68515625 0.053125 0.01875
17 0.17890625 0.70703125 0.0546875 0.0171875
18 0.17421875 0.7640625 0.059375 0.015625
16 0.009375 0.8140625 0.01875 0.015625
4 0.665625 0.490625 0.03125 0.0140625
6 0.52421875 0.53828125 0.0109375 0.0140625
19 0.5328125 0.5546875 0.028125 0.015625
0 0.75234375 0.56015625 0.0203125 0.0140625
19 0.55078125 0.59140625 0.0640625 0.0171875
19 0.6234375 0.609375 0.0796875 0.0171875
17 0.5828125 0.7578125 0.0546875 0.01875
18 0.5875 0.8078125 0.053125 0.0171875
4 0.66015625 0.8421875 0.0296875 0.015625
16 0.7640625 0.8625 0.059375 0.015625
19 0.77421875 0.51171875 0.08125 0.015625