19 0.13359375 0.009375 0.071875 0.015625
6 0.40703125 0.00234375 0.0234375 0.0046875
0 0.34296875 0.015625 0.0171875 0.0125
13 0.4015625 0.0359375 0.0484375 0.015625
6 0.10859375 0.06640625 0.0265625 0.0140625
19 0.4671875 0.05703125 0.071875 0.015625
19 0.40078125 0.075 0.071875 0.0171875
17 0.50859375 0.1921875 0.053125 0.015625
4 0.346875 0.28203125 0.028125 0.0140625
4 0.34765625 0.29765625 0.0328125 0.0046875
7 0.26015625 0.0515625 0.0453125 0.01875
4 0.128125 0.028125 0.0265625 0.0140625
4 0.57890625 0.04921875 0.0390625 0.01875
19 0.809375 0.13984375 0.0921875 0.021875
19 0.66328125 0.1578125 0.0875 0.0203125
19 0.58515625 0.1765625 0.0703125 0.015625
8 0.73125 0.075 0.05625 0.01875
6 0.60625 0.0921875 0.03125 0.0171875
13 0.5734375 0.1328125 0.046875 0.01875
4 0.12109375 0.40546875 0.0296875 0.0125
0 0.2046875 0.47421875 0.0171875 0.0125
19 0.01875 0.50234375 0.0375 0.0140625
19 0.078125 0.52265625 0.078125 0.015625
17 0.03671875 0.66875 0.0546875 0.0171875
18 0.0421875 0.71875 0.0578125 0.0171875
4 0.1109375 0.753125 0.03125 0.0125
2 0.3828125 0.30625 0.053125 0.0125
16 0.2140625 0.77421875 0.0578125 0.01875
19 0.23046875 0.425 0.078125 0.015625
3 0.59453125 0.371875 0.0265625 0.0125
5 0.7390625 0.3765625 0.015625 0.0125
12 0.56484375 0.38984375 0.0296875 0.0140625
3 0.61171875 0.4875 0.0296875 0.0140625
8 0.73671875 0.509375 0.0484375 0.0171875
6 0.6125 0.52578125 0.0234375 0.0140625
13 0.60546875 0.56328125 0.0484375 0.0140625
19 0.8171875 0.56953125 0.078125 0.015625
19 0.67734375 0.584375 0.078125 0.015625
19 0.6078125 0.60234375 0.0796875 0.015625
17 0.7203125 0.72265625 0.053125 0.01875
17 0.82265625 0.74453125 0.0546875 0.0171875
18 0.81796875 0.8015625 0.059375 0.015625
4 0.55625 0.809375 0.0125 0.015625
4 0.55625 0.8296875 0.0125 0.015625
16 0.6328125 0.8515625 0.059375 0.015625
2 0.9625 0.3859375 0.075 0.021875