19 0.18984375 0.07109375 0.08125 0.0125
19 0.33671875 0.04921875 0.084375 0.015625
19 0.1171875 0.090625 0.078125 0.01875
4 0.06328125 0.31328125 0.034375 0.015625
4 0.0625 0.33359375 0.028125 0.015625
18 0.3453125 0.29140625 0.05625 0.015625
13 0.11171875 0.05078125 0.053125 0.015625
16 0.15390625 0.35546875 0.0625 0.015625
17 0.3515625 0.2328125 0.0625 0.015625
0 0.046875 0.0296875 0.0171875 0.015625
6 0.11875 0.00859375 0.03125 0.0171875
16 0.58828125 0.28984375 0.0390625 0.0171875
4 0.021875 0.6453125 0.0390625 0.01875
4 0.021875 0.665625 0.034375 0.015625
19 0.09609375 0.41328125 0.0875 0.015625
17 0.23125 0.53828125 0.0671875 0.015625
17 0.340625 0.56015625 0.06875 0.0140625
18 0.33984375 0.62265625 0.06875 0.015625
16 0.153125 0.68828125 0.06875 0.015625
4 0.60625 0.41328125 0.03125 0.0125
13 0.86484375 0.41328125 0.046875 0.0140625
7 0.7296875 0.434375 0.046875 0.015625
19 0.94140625 0.43515625 0.0703125 0.0140625
6 0.58828125 0.45234375 0.0265625 0.015625
19 0.871875 0.45546875 0.071875 0.015625
17 0.9765625 0.5765625 0.046875 0.0125
4 0.80859375 0.675 0.03125 0.0125
4 0.809375 0.6953125 0.03125 0.0125
16 0.9140625 0.71640625 0.05625 0.015625