2 0.72421875 0.0953125 0.10390625 0.03125
5 0.03125 0.13671875 0.02734375 0.01875
5 0.49140625 0.09296875 0.02578125 0.021875
4 0.36484375 0.21484375 0.03359375 0.01484375
14 0.04921875 0.2375 0.05234375 0.0125
19 0.27578125 0.23515625 0.08359375 0.01484375
19 0.15859375 0.2546875 0.0796875 0.01640625
19 0.06328125 0.275 0.07109375 0.01796875
19 0.5765625 0.296875 0.08671875 0.0171875
19 0.43515625 0.31875 0.08203125 0.02109375
19 0.36171875 0.3390625 0.078125 0.0140625
13 0.35703125 0.29609375 0.053125 0.01484375
4 0.05703125 0.2953125 0.03359375 0.0140625
4 0.30390625 0.5609375 0.03515625 0.01484375
4 0.30625 0.5828125 0.0328125 0.01796875
16 0.3921875 0.60390625 0.0640625 0.015625
11 0.16328125 0.090625 0.1421875 0.0203125
3 0.33984375 0.090625 0.0328125 0.0203125
15 0.04921875 0.1140625 0.0265625 0.01484375
10 0.134375 0.11328125 0.0640625 0.01640625
12 0.30390625 0.1140625 0.046875 0.01484375
1 0.0859375 0.1546875 0.09609375 0.01328125
8 0.49140625 0.23359375 0.05234375 0.0203125
6 0.3625 0.253125 0.025 0.0203125
7 0.20078125 0.315625 0.053125 0.01875
6 0.040625 0.3359375 0.03046875 0.021875
17 0.48125 0.4609375 0.05859375 0.0171875
18 0.584375 0.540625 0.05234375 0.01953125
0 0.2953125 0.27421875 0.02109375 0.02109375
9 0.03515625 0.21796875 0.01875 0.015625