11 0.165625 0.0890625 0.13671875 0.0125
3 0.34609375 0.0875 0.03203125 0.0140625
5 0.47109375 0.0890625 0.01953125 0.0125
15 0.065625 0.1109375 0.02109375 0.01328125
10 0.1421875 0.10859375 0.05859375 0.01328125
12 0.2859375 0.109375 0.04453125 0.01640625
5 0.053125 0.13203125 0.01953125 0.0140625
1 0.09140625 0.15 0.08203125 0.0125
9 0.0515625 0.2109375 0.01875 0.01328125
4 0.34765625 0.2109375 0.028125 0.01640625
14 0.065625 0.23203125 0.046875 0.01171875
19 0.27109375 0.23046875 0.075 0.01640625
8 0.478125 0.23046875 0.04453125 0.01640625
19 0.17265625 0.25078125 0.07421875 0.0140625
6 0.371875 0.25078125 0.02890625 0.01328125
19 0.08125 0.27265625 0.0734375 0.015625
0 0.2875 0.26953125 0.01796875 0.0140625
4 0.07734375 0.29140625 0.03671875 0.0125
13 0.340625 0.290625 0.04921875 0.015625
19 0.5484375 0.290625 0.07578125 0.0125
7 0.2 0.3109375 0.05390625 0.0171875
19 0.421875 0.31171875 0.075 0.015625
6 0.05390625 0.33125 0.025 0.0140625
19 0.34765625 0.33125 0.07421875 0.01484375
17 0.4625 0.453125 0.05546875 0.01640625
17 0.5578125 0.471875 0.05703125 0.0125
18 0.553125 0.53203125 0.05546875 0.01171875
4 0.2859375 0.553125 0.03046875 0.0125
4 0.2859375 0.5734375 0.02890625 0.01171875
16 0.39296875 0.59375 0.059375 0.015625
2 0.68828125 0.096875 0.08203125 0.02109375