2 0.27734375 0.021875 0.078125 0.025
11 0.528125 0.0296875 0.0625 0.01875
15 0.46328125 0.0453125 0.021875 0.0109375
10 0.53359375 0.05078125 0.0515625 0.0140625
5 0.44765625 0.0640625 0.0171875 0.0125
1 0.4859375 0.08671875 0.0828125 0.01875
9 0.4421875 0.1421875 0.015625 0.0140625
14 0.45390625 0.1625 0.046875 0.0171875
19 0.54140625 0.1890625 0.0359375 0.015625
19 0.4640625 0.203125 0.0765625 0.01875
4 0.459375 0.221875 0.03125 0.015625
6 0.4375 0.2609375 0.0265625 0.0125
5 0.7328125 0.00390625 0.021875 0.0078125
1 0.77734375 0.02265625 0.0859375 0.01875
9 0.7265625 0.075 0.01875 0.0171875
14 0.7375 0.09609375 0.046875 0.01875
19 0.94453125 0.1078125 0.071875 0.01875
19 0.83828125 0.121875 0.071875 0.01875
19 0.7484375 0.134375 0.0734375 0.0203125
0 0.95625 0.1453125 0.015625 0.0140625
4 0.740625 0.15234375 0.028125 0.0140625
13 0.9953125 0.1671875 0.009375 0.015625
19 0.98671875 0.2046875 0.0265625 0.01875
6 0.71953125 0.1890625 0.0265625 0.0140625
7 0.8734375 0.17890625 0.0453125 0.0171875
4 0.9515625 0.4109375 0.0296875 0.0140625
4 0.95 0.4296875 0.0296875 0.0140625
17 0.45859375 0.80390625 0.0578125 0.0078125
18 0.4515625 0.86015625 0.05625 0.0140625
4 0.18359375 0.8671875 0.03125 0.0140625
4 0.18203125 0.8875 0.0296875 0.0125
16 0.28828125 0.91328125 0.059375 0.01875