17 0.065625 0.015625 0.0546875 0.01875
18 0.0703125 0.065625 0.053125 0.0171875
4 0.14296875 0.1 0.0296875 0.015625
16 0.246875 0.1203125 0.059375 0.015625
15 0.61953125 0.00234375 0.0203125 0.0046875
10 0.69375 0.00546875 0.059375 0.0109375
12 0.83125 0.0109375 0.0421875 0.0140625
5 0.60625 0.01796875 0.0125 0.0109375
1 0.640625 0.03984375 0.0765625 0.0171875
9 0.60234375 0.09921875 0.0046875 0.0140625
4 0.88203125 0.11015625 0.028125 0.0125
14 0.615625 0.11875 0.03125 0.0125
19 0.80625 0.12890625 0.0703125 0.0171875
8 0.9921875 0.1359375 0.015625 0.015625
19 0.7140625 0.14453125 0.071875 0.015625
6 0.9015625 0.1515625 0.0234375 0.0140625
19 0.62890625 0.16015625 0.0578125 0.0140625
0 0.8203125 0.16875 0.0125 0.0140625
4 0.61484375 0.17734375 0.0296875 0.0140625
13 0.8703125 0.190625 0.0421875 0.0125
19 0.94609375 0.21484375 0.06875 0.0140625
7 0.73359375 0.2046875 0.04375 0.0140625
6 0.603125 0.2171875 0.00625 0.0125
19 0.87734375 0.23203125 0.0703125 0.015625
17 0.97578125 0.35703125 0.0484375 0.0140625
19 0.2734375 0.46796875 0.084375 0.01875
19 0.1296875 0.4859375 0.0875 0.01875
19 0.04765625 0.50234375 0.08125 0.01875
13 0.04140625 0.459375 0.05625 0.0234375
17 0.1734375 0.63671875 0.059375 0.0203125
17 0.2765625 0.65703125 0.0640625 0.01875
16 0.0921875 0.78203125 0.06875 0.015625
18 0.27265625 0.72421875 0.065625 0.0203125
8 0.63828125 0.5015625 0.0484375 0.0140625
19 0.6078125 0.58046875 0.015625 0.0140625
19 0.70546875 0.5640625 0.0734375 0.0140625
17 0.621875 0.7234375 0.04375 0.015625
17 0.7125 0.746875 0.05625 0.015625
18 0.70625 0.80625 0.0578125 0.015625