4 0.11328125 0.0828125 0.0359375 0.0171875
4 0.1171875 0.10390625 0.034375 0.0203125
16 0.2046875 0.11796875 0.065625 0.021875
18 0.390625 0.0375 0.053125 0.0234375
4 0.9515625 0.00546875 0.034375 0.0109375
11 0.06640625 0.4765625 0.1328125 0.03125
3 0.2640625 0.4578125 0.0375 0.0203125
5 0.41640625 0.4453125 0.0265625 0.01875
10 0.0328125 0.5 0.065625 0.021875
12 0.196875 0.48515625 0.0515625 0.021875
4 0.28125 0.58359375 0.0390625 0.021875
4 0.2375 0.946875 0.0375 0.0203125
4 0.23984375 0.96796875 0.0375 0.021875
19 0.190625 0.6140625 0.090625 0.028125
19 0.07578125 0.64375 0.0921875 0.028125
19 0.52734375 0.64609375 0.096875 0.025
19 0.37421875 0.68203125 0.0875 0.0234375
19 0.2890625 0.7109375 0.09375 0.0265625
8 0.4375 0.58984375 0.059375 0.021875
6 0.3109375 0.62109375 0.034375 0.0171875
0 0.21328125 0.65390625 0.025 0.021875
13 0.278125 0.66875 0.059375 0.021875
7 0.11484375 0.7046875 0.0640625 0.025
17 0.4390625 0.8234375 0.065625 0.0234375
17 0.5546875 0.834375 0.06875 0.0234375
18 0.5515625 0.89921875 0.0640625 0.025
16 0.371875 0.978125 0.071875 0.0234375
18 0.97890625 0.56328125 0.0421875 0.0203125
16 0.8125 0.6375 0.0578125 0.01875
4 0.7234375 0.60546875 0.03125 0.015625
4 0.7234375 0.62578125 0.034375 0.0125
17 0.97734375 0.5046875 0.0453125 0.021875
17 0.88125 0.49375 0.0578125 0.021875