18 0.0703125 0.07109375 0.05625 0.0203125
4 0.1359375 0.1078125 0.028125 0.015625
16 0.2390625 0.134375 0.0578125 0.01875
5 0.3953125 0.2546875 0.01875 0.009375
12 0.2109375 0.25546875 0.040625 0.0109375
1 0.03125 0.26953125 0.0625 0.0203125
4 0.36484375 0.3609375 0.028125 0.0140625
14 0.134375 0.3578125 0.05 0.015625
8 0.18515625 0.37890625 0.0515625 0.01875
6 0.2171875 0.3984375 0.025 0.0125
19 0.0078125 0.378125 0.015625 0.021875
19 0.21015625 0.4140625 0.0765625 0.01875
0 0.4421875 0.43515625 0.015625 0.0140625
4 0.2046875 0.43125 0.0296875 0.0140625
19 0.24140625 0.45 0.0765625 0.0203125
19 0.3125 0.4734375 0.0703125 0.0171875
16 0.11015625 0.50703125 0.0640625 0.01875
17 0.0875 0.58046875 0.053125 0.015625
17 0.2671875 0.615625 0.053125 0.0171875
18 0.24453125 0.66171875 0.0484375 0.015625
4 0.17265625 0.671875 0.025 0.0125
4 0.3328125 0.70390625 0.03125 0.0140625
16 0.4296875 0.73046875 0.0578125 0.01875
19 0.45625 0.3875 0.046875 0.01875
11 0.5140625 0.2671875 0.06875 0.03125
3 0.6703125 0.2828125 0.0359375 0.0171875
5 0.81015625 0.29453125 0.0203125 0.015625
12 0.603125 0.29609375 0.0515625 0.0203125
4 0.6640625 0.41171875 0.0359375 0.0203125
19 0.575 0.42421875 0.0828125 0.0234375
19 0.49453125 0.43671875 0.0296875 0.0234375
19 0.87890625 0.51484375 0.084375 0.0234375
19 0.734375 0.52578125 0.0890625 0.0234375
19 0.65234375 0.53671875 0.0828125 0.021875
8 0.8078125 0.44609375 0.05625 0.025
6 0.684375 0.4546875 0.0296875 0.0171875
0 0.590625 0.4671875 0.025 0.015625
13 0.64765625 0.49453125 0.0578125 0.0265625
7 0.49921875 0.5015625 0.0390625 0.01875
17 0.76953125 0.678125 0.0609375 0.0234375
17 0.871875 0.70390625 0.065625 0.0234375
4 0.5640625 0.7640625 0.0359375 0.0171875
4 0.56171875 0.7859375 0.0390625 0.01875
16 0.68125 0.81875 0.0703125 0.01875
18 0.86484375 0.7703125 0.0671875 0.025