2 0.6671875 0.09296875 0.08046875 0.01953125
11 0.14296875 0.08359375 0.13203125 0.01640625
3 0.325 0.0859375 0.028125 0.01484375
5 0.45 0.08515625 0.01796875 0.0140625
15 0.04453125 0.10625 0.0234375 0.01171875
10 0.12109375 0.10546875 0.0640625 0.01328125
12 0.265625 0.1046875 0.04453125 0.01328125
5 0.03125 0.1265625 0.01796875 0.01171875
1 0.0671875 0.1453125 0.08046875 0.0140625
9 0.0296875 0.20546875 0.01484375 0.01171875
4 0.3265625 0.20625 0.03125 0.01015625
14 0.04375 0.2265625 0.0453125 0.0109375
19 0.24765625 0.2265625 0.07734375 0.01484375
19 0.15078125 0.246875 0.07421875 0.0125
19 0.05625 0.2671875 0.071875 0.0109375
19 0.528125 0.28828125 0.07890625 0.0140625
19 0.39921875 0.3078125 0.071875 0.0125
19 0.325 0.3265625 0.0734375 0.0140625
8 0.459375 0.22734375 0.04453125 0.015625
6 0.34765625 0.24609375 0.028125 0.0140625
0 0.26640625 0.265625 0.01640625 0.0140625
4 0.0515625 0.2859375 0.03046875 0.0125
13 0.31796875 0.2859375 0.04765625 0.01328125
7 0.1765625 0.3046875 0.04765625 0.0171875
6 0.0328125 0.32578125 0.025 0.0125
17 0.43984375 0.45 0.05234375 0.01484375
17 0.53671875 0.46796875 0.05703125 0.0140625
18 0.5328125 0.52890625 0.06171875 0.01484375
4 0.2640625 0.5484375 0.03359375 0.0125
4 0.2625 0.56875 0.03125 0.0109375
16 0.371875 0.5890625 0.0578125 0.01953125