9 0.215625 0.02890625 0.015625 0.015625
4 0.484375 0.04765625 0.009375 0.0140625
14 0.22578125 0.05078125 0.0515625 0.0171875
19 0.421875 0.0640625 0.071875 0.01875
19 0.32734375 0.0765625 0.0703125 0.0171875
19 0.23671875 0.08984375 0.0734375 0.0171875
19 0.46953125 0.1671875 0.0390625 0.015625
0 0.434375 0.10390625 0.0171875 0.0140625
4 0.228125 0.109375 0.0296875 0.0140625
13 0.475 0.1265625 0.028125 0.015625
7 0.346875 0.13828125 0.046875 0.0171875
4 0.409375 0.3828125 0.0296875 0.0140625
4 0.40859375 0.40390625 0.0296875 0.0140625
3 0.5390625 0.05 0.03125 0.0140625
5 0.65859375 0.05859375 0.0203125 0.015625
2 0.8703125 0.08125 0.0796875 0.0234375
12 0.49609375 0.06640625 0.0140625 0.0171875
4 0.53359375 0.171875 0.03125 0.015625
19 0.71953125 0.2640625 0.0734375 0.0171875
19 0.59609375 0.2765625 0.0734375 0.01875
19 0.52421875 0.290625 0.0703125 0.01875
6 0.55234375 0.21171875 0.0265625 0.015625
13 0.51953125 0.25 0.0515625 0.0203125
17 0.62734375 0.41875 0.0546875 0.0171875
17 0.71875 0.4453125 0.053125 0.01875
18 0.7109375 0.5046875 0.059375 0.01875
16 0.55390625 0.55703125 0.0609375 0.021875
8 0.66015625 0.19921875 0.0453125 0.021875
17 0.3828125 0.803125 0.05 0.015625
17 0.46640625 0.83046875 0.0453125 0.0171875
18 0.4640625 0.8890625 0.05 0.01875
4 0.20625 0.890625 0.028125 0.0140625
4 0.2046875 0.909375 0.028125 0.0125
16 0.30703125 0.9375 0.05625 0.015625
5 0.80703125 0.7859375 0.0265625 0.0234375
4 0.67265625 0.8984375 0.034375 0.0171875
19 0.58203125 0.9125 0.084375 0.0203125
19 0.878125 0.99140625 0.0875 0.0171875
19 0.73515625 0.996875 0.0828125 0.00625
13 0.659375 0.97890625 0.0546875 0.01875
11 0.5203125 0.76015625 0.0625 0.0296875
3 0.65625 0.77265625 0.034375 0.021875
12 0.61875 0.79375 0.0484375 0.01875
8 0.79765625 0.92578125 0.053125 0.0234375
6 0.6671875 0.9359375 0.0265625 0.021875
7 0.50859375 0.9875 0.0390625 0.021875
0 0.59921875 0.95234375 0.021875 0.021875