4 0.0203125 0.06484375 0.03125 0.0109375
16 0.12265625 0.0921875 0.059375 0.0171875
17 0.790625 0.0765625 0.065625 0.01875
18 0.54765625 0.159375 0.0609375 0.0140625
4 0.64375 0.18984375 0.0359375 0.015625
4 0.6234375 0.209375 0.0328125 0.015625
16 0.71796875 0.2375 0.06875 0.021875
17 0.4859375 0.51015625 0.046875 0.0203125
4 0.3125 0.5984375 0.0296875 0.015625
4 0.3109375 0.61796875 0.03125 0.0140625
16 0.4140625 0.64609375 0.05625 0.0171875
19 0.775 0.45546875 0.084375 0.021875
19 0.63125 0.46875 0.0890625 0.021875
19 0.54921875 0.48125 0.0796875 0.021875
13 0.54375 0.4390625 0.05625 0.025
17 0.66875 0.62109375 0.0609375 0.0234375
17 0.77109375 0.64453125 0.065625 0.021875
16 0.5828125 0.7625 0.06875 0.01875
18 0.76484375 0.7109375 0.0671875 0.0234375