18 0.3 0.021875 0.0578125 0.0171875
4 0.03203125 0.0390625 0.0328125 0.0125
16 0.140625 0.08046875 0.0578125 0.0203125
4 0.6390625 0.00390625 0.0375 0.0078125
4 0.87421875 0.284375 0.0359375 0.015625
4 0.871875 0.30546875 0.0359375 0.015625
19 0.95078125 0.04921875 0.0875 0.01875
6 0.61484375 0.0421875 0.034375 0.01875
13 0.94140625 0.0078125 0.0578125 0.015625
7 0.78203125 0.025 0.059375 0.01875
16 0.9796875 0.32890625 0.040625 0.0203125
11 0.0671875 0.3515625 0.125 0.015625
3 0.23671875 0.353125 0.028125 0.0140625
5 0.35703125 0.3546875 0.015625 0.0125
10 0.04609375 0.37265625 0.0609375 0.0140625
12 0.184375 0.37421875 0.0421875 0.015625
1 0.01953125 0.41015625 0.0390625 0.0171875
4 0.23984375 0.471875 0.0296875 0.0125
19 0.165625 0.49140625 0.071875 0.0140625
8 0.365625 0.49453125 0.0453125 0.0125
19 0.07265625 0.5109375 0.0734375 0.0109375
6 0.2625 0.51328125 0.0265625 0.0125
19 0.0078125 0.528125 0.015625 0.0125
0 0.18046875 0.53125 0.015625 0.015625
13 0.2296875 0.55234375 0.0453125 0.0109375
19 0.4296875 0.55546875 0.0703125 0.015625
7 0.0953125 0.5703125 0.046875 0.0125
19 0.30625 0.57421875 0.071875 0.0140625
19 0.23828125 0.59375 0.071875 0.0125
17 0.34609375 0.71640625 0.05 0.0140625
17 0.43671875 0.73828125 0.0515625 0.0140625
18 0.43515625 0.79921875 0.0515625 0.0125
4 0.17265625 0.81328125 0.028125 0.0125
4 0.171875 0.83359375 0.028125 0.0109375
16 0.2796875 0.85625 0.0578125 0.01875
2 0.82421875 0.35859375 0.0671875 0.0234375
5 0.59296875 0.35390625 0.01875 0.015625
4 0.4890625 0.4828125 0.01875 0.0125
19 0.67265625 0.5734375 0.0796875 0.015625
19 0.546875 0.59375 0.0875 0.015625
8 0.59140625 0.50859375 0.0484375 0.015625
6 0.4859375 0.5265625 0.0125 0.0125
13 0.48828125 0.5703125 0.0171875 0.0125
19 0.48984375 0.615625 0.0203125 0.015625
17 0.56171875 0.75234375 0.059375 0.0171875
16 0.5109375 0.9203125 0.0625 0.0125