2 0.303125 0.09140625 0.0859375 0.0265625
11 0.58046875 0.08515625 0.12578125 0.015625
3 0.7484375 0.08515625 0.03125 0.01484375
5 0.8703125 0.0859375 0.01875 0.0109375
15 0.48515625 0.10703125 0.021875 0.01171875
10 0.559375 0.10703125 0.0625 0.01015625
12 0.69609375 0.10625 0.04453125 0.0125
5 0.46953125 0.12578125 0.01796875 0.01015625
1 0.5078125 0.1453125 0.07578125 0.0140625
9 0.4671875 0.20546875 0.015625 0.015625
4 0.75390625 0.20625 0.03125 0.0125
14 0.48203125 0.2234375 0.0453125 0.015625
19 0.68125 0.2265625 0.07578125 0.0171875
8 0.88046875 0.22578125 0.04921875 0.0140625
19 0.58515625 0.24609375 0.0734375 0.01328125
6 0.775 0.2453125 0.02421875 0.0109375
19 0.49375 0.265625 0.0734375 0.01171875
0 0.69609375 0.26640625 0.01484375 0.01328125
4 0.4875 0.28515625 0.03125 0.01171875
13 0.74609375 0.28515625 0.04765625 0.0140625
19 0.94296875 0.2859375 0.071875 0.01328125
7 0.6109375 0.30625 0.04609375 0.015625
19 0.82265625 0.30703125 0.0703125 0.0140625
6 0.46953125 0.32421875 0.0265625 0.01484375
19 0.753125 0.32734375 0.07109375 0.01484375
17 0.8625 0.4484375 0.05546875 0.0125
17 0.95390625 0.46796875 0.05078125 0.01328125
18 0.95234375 0.52890625 0.05390625 0.01171875
4 0.68984375 0.546875 0.03125 0.01171875
4 0.690625 0.5671875 0.03046875 0.01171875
16 0.7953125 0.58828125 0.05546875 0.01484375