2 0.6765625 0.08984375 0.08125 0.021875
11 0.1546875 0.0828125 0.13125 0.01171875
3 0.33359375 0.08046875 0.03046875 0.01328125
5 0.4578125 0.08125 0.01640625 0.0140625
15 0.053125 0.103125 0.02265625 0.0109375
10 0.13203125 0.103125 0.0609375 0.01328125
12 0.27421875 0.10234375 0.0421875 0.01328125
5 0.04140625 0.1234375 0.0140625 0.0109375
1 0.08046875 0.1421875 0.07890625 0.01328125
9 0.040625 0.203125 0.0125 0.01328125
4 0.3375 0.203125 0.03046875 0.0109375
14 0.05546875 0.22421875 0.04609375 0.01328125
19 0.259375 0.22421875 0.0796875 0.0125
8 0.46796875 0.22265625 0.0453125 0.015625
19 0.1640625 0.24453125 0.0734375 0.0140625
6 0.3609375 0.24296875 0.02734375 0.01328125
19 0.06953125 0.265625 0.071875 0.01171875
0 0.2765625 0.26328125 0.01796875 0.0125
4 0.0640625 0.28515625 0.02890625 0.0125
13 0.328125 0.284375 0.0453125 0.01328125
19 0.53671875 0.28359375 0.07734375 0.0125
7 0.18984375 0.30390625 0.046875 0.01484375
19 0.409375 0.30390625 0.0734375 0.0125
19 0.33671875 0.32421875 0.07578125 0.0109375
6 0.04453125 0.32421875 0.02421875 0.0125
17 0.453125 0.4453125 0.05234375 0.0125
17 0.546875 0.46484375 0.0546875 0.0125
18 0.54609375 0.52421875 0.05703125 0.0125
4 0.278125 0.54609375 0.02890625 0.01328125
4 0.2796875 0.56640625 0.03046875 0.0109375
16 0.3875 0.58671875 0.0578125 0.0140625