2 0.659375 0.0890625 0.08203125 0.02109375
11 0.14921875 0.0859375 0.13515625 0.01484375
3 0.32421875 0.08359375 0.03125 0.01640625
5 0.44765625 0.084375 0.0171875 0.01328125
15 0.05078125 0.11015625 0.02265625 0.0109375
10 0.12421875 0.1078125 0.06015625 0.01328125
12 0.26640625 0.10546875 0.03984375 0.01484375
5 0.0390625 0.13046875 0.01796875 0.0109375
1 0.075 0.14921875 0.08125 0.0140625
9 0.0390625 0.21015625 0.01484375 0.01484375
4 0.32890625 0.20625 0.02734375 0.01328125
14 0.05234375 0.2296875 0.04453125 0.01484375
19 0.25234375 0.22578125 0.075 0.01484375
8 0.46015625 0.225 0.04609375 0.01640625
19 0.15625 0.24765625 0.07578125 0.0125
6 0.35390625 0.24453125 0.02734375 0.0140625
19 0.06640625 0.26953125 0.0703125 0.01328125
0 0.27109375 0.265625 0.01328125 0.01484375
4 0.0625 0.290625 0.03046875 0.01328125
13 0.3234375 0.28671875 0.04375 0.0140625
19 0.5296875 0.284375 0.07734375 0.0109375
7 0.184375 0.30703125 0.0453125 0.015625
19 0.403125 0.3046875 0.07265625 0.0125
6 0.04375 0.3296875 0.02109375 0.0109375
19 0.33046875 0.32578125 0.0734375 0.01328125
17 0.4484375 0.44609375 0.0515625 0.01328125
17 0.54140625 0.465625 0.05234375 0.01328125
18 0.540625 0.52578125 0.059375 0.01484375
4 0.275 0.54921875 0.03125 0.01328125
4 0.27578125 0.56875 0.0296875 0.0140625
16 0.3859375 0.58828125 0.05625 0.01328125