18 0.5453125 0.05546875 0.0609375 0.015625
16 0.3515625 0.1125 0.0625 0.015625
4 0.25703125 0.06796875 0.0375 0.0171875
4 0.2546875 0.08828125 0.0328125 0.015625
17 0.9 0.0421875 0.0515625 0.0125
4 0.9890625 0.12578125 0.021875 0.0109375
4 0.115625 0.39296875 0.0296875 0.0140625
19 0.0390625 0.41328125 0.0734375 0.0140625
19 0.31640625 0.47734375 0.0765625 0.0125
19 0.1890625 0.49609375 0.078125 0.0125
19 0.11484375 0.515625 0.0765625 0.01875
8 0.2484375 0.415625 0.046875 0.01875
6 0.1390625 0.43359375 0.028125 0.015625
0 0.0546875 0.45234375 0.0171875 0.015625
13 0.10703125 0.475 0.0484375 0.0140625
17 0.22890625 0.63984375 0.0546875 0.0140625
17 0.325 0.6609375 0.053125 0.01875
18 0.32265625 0.7203125 0.059375 0.015625
4 0.05078125 0.7375 0.03125 0.0140625
4 0.05234375 0.75625 0.03125 0.0140625
16 0.16171875 0.77890625 0.0609375 0.01875
4 0.7734375 0.4078125 0.0328125 0.0125
19 0.6921875 0.42578125 0.0765625 0.0171875
19 0.603125 0.44375 0.028125 0.015625
0 0.7078125 0.465625 0.01875 0.015625
6 0.77421875 0.44609375 0.025 0.0140625
8 0.89765625 0.42890625 0.046875 0.0171875
13 0.76953125 0.48515625 0.05 0.015625
7 0.61953125 0.50078125 0.05 0.015625
19 0.840625 0.5046875 0.078125 0.0171875
19 0.771875 0.5234375 0.078125 0.0171875
19 0.96875 0.48828125 0.0625 0.0171875
17 0.884375 0.640625 0.0546875 0.01875
17 0.978125 0.66015625 0.04375 0.0171875
18 0.97578125 0.7171875 0.0484375 0.01875
4 0.71328125 0.73046875 0.034375 0.0171875
4 0.7125 0.75078125 0.03125 0.0171875
16 0.79765625 0.771875 0.059375 0.01875