13 0.28125 0.01015625 0.046875 0.0125
7 0.28125 0.02734375 0.0453125 0.0171875
6 0.27109375 0.04453125 0.0234375 0.0109375
19 0.296875 0.059375 0.078125 0.015625
17 0.428125 0.15 0.0515625 0.0140625
12 0.5125 0.01875 0.046875 0.015625
4 0.58828125 0.12109375 0.0375 0.0140625
19 0.5140625 0.14375 0.05 0.01875
8 0.7421875 0.13515625 0.05625 0.021875
6 0.61640625 0.16171875 0.0328125 0.0171875
19 0.825 0.1953125 0.09375 0.025
19 0.6765625 0.22109375 0.0890625 0.0234375
19 0.59140625 0.246875 0.0921875 0.0203125
0 0.5203125 0.184375 0.021875 0.0171875
13 0.57890625 0.2046875 0.05625 0.0171875
17 0.734375 0.37109375 0.065625 0.01875
17 0.84453125 0.3890625 0.065625 0.0203125
18 0.84140625 0.4515625 0.065625 0.0203125
4 0.52890625 0.484375 0.0390625 0.015625
4 0.52890625 0.50546875 0.0375 0.0171875
16 0.65859375 0.5234375 0.071875 0.0203125
11 0.1125 0.58359375 0.15625 0.0078125
15 0.0046875 0.6015625 0.009375 0.01875
10 0.09375 0.5984375 0.075 0.0171875
12 0.26640625 0.59453125 0.05 0.01875
1 0.03671875 0.640625 0.0734375 0.01875
4 0.353125 0.7 0.034375 0.01875
4 0.01015625 0.79453125 0.0203125 0.0171875
14 0.0109375 0.73203125 0.021875 0.0171875
19 0.23125 0.72421875 0.0859375 0.0171875
19 0.12421875 0.7484375 0.09375 0.01875
19 0.0265625 0.771875 0.053125 0.01875
19 0.428125 0.80859375 0.09375 0.0234375
19 0.33125 0.8328125 0.090625 0.0203125
8 0.465625 0.71875 0.046875 0.01875
6 0.35 0.74296875 0.0296875 0.0171875
0 0.2625 0.765625 0.0234375 0.0171875
13 0.34765625 0.7859375 0.053125 0.0203125
7 0.14921875 0.8140625 0.0546875 0.01875
17 0.4453125 0.9671875 0.06875 0.0203125
2 0.73828125 0.6359375 0.0765625 0.025
5 0.521875 0.63515625 0.0203125 0.0125
8 0.53671875 0.77578125 0.0484375 0.0140625
19 0.50390625 0.85859375 0.0296875 0.0140625
19 0.60703125 0.83359375 0.0734375 0.0140625
17 0.5296875 0.9953125 0.053125 0.009375