11 0.16484375 0.0859375 0.1328125 0.01484375
3 0.34296875 0.08359375 0.0328125 0.0125
5 0.4671875 0.08125 0.0171875 0.01171875
15 0.065625 0.10625 0.01953125 0.009375
10 0.14296875 0.10703125 0.0640625 0.0171875
12 0.28515625 0.1046875 0.04140625 0.0125
5 0.0515625 0.12734375 0.01796875 0.01171875
1 0.0890625 0.146875 0.08125 0.01484375
9 0.0515625 0.20625 0.015625 0.0125
4 0.346875 0.20390625 0.0296875 0.01328125
14 0.065625 0.22734375 0.046875 0.0109375
19 0.2703125 0.22421875 0.07265625 0.0140625
8 0.48046875 0.22265625 0.0453125 0.01484375
19 0.17265625 0.2453125 0.07578125 0.01328125
6 0.371875 0.24453125 0.02421875 0.01171875
19 0.0796875 0.26796875 0.07578125 0.0140625
0 0.28984375 0.2640625 0.01796875 0.0140625
4 0.07578125 0.2875 0.03125 0.0109375
13 0.34140625 0.28671875 0.04609375 0.0140625
19 0.55078125 0.28203125 0.078125 0.015625
7 0.2015625 0.30625 0.04609375 0.015625
19 0.4234375 0.30390625 0.071875 0.01640625
6 0.05546875 0.32734375 0.02734375 0.0125
19 0.35078125 0.325 0.0765625 0.0125
17 0.4671875 0.44453125 0.05234375 0.01484375
17 0.56328125 0.46328125 0.05625 0.0140625
18 0.559375 0.52265625 0.05625 0.01484375
4 0.290625 0.54609375 0.03046875 0.0125
4 0.290625 0.5671875 0.03046875 0.0125
16 0.39921875 0.58671875 0.06015625 0.0140625
2 0.68671875 0.08671875 0.084375 0.02265625