17 0.35859375 0.04921875 0.053125 0.0140625
17 0.4546875 0.06875 0.05625 0.0140625
18 0.45078125 0.128125 0.0578125 0.0140625
4 0.18359375 0.15078125 0.0328125 0.0125
4 0.184375 0.16953125 0.03125 0.0125
16 0.29296875 0.190625 0.059375 0.015625
8 0.56328125 0.05078125 0.0453125 0.015625
19 0.63203125 0.11171875 0.078125 0.0125
17 0.55703125 0.2734375 0.0359375 0.0125
17 0.6421875 0.29296875 0.0546875 0.0125
18 0.64140625 0.35234375 0.05625 0.0125
19 0.396875 0.4953125 0.071875 0.0109375
4 0.39140625 0.51484375 0.028125 0.0140625
7 0.51171875 0.53359375 0.046875 0.0140625
6 0.3734375 0.553125 0.0265625 0.0125
19 0.7546875 0.49375 0.071875 0.0140625
17 0.8671875 0.61328125 0.053125 0.0125
17 0.96015625 0.63359375 0.053125 0.015625
18 0.95625 0.69296875 0.0578125 0.015625
4 0.69609375 0.715625 0.034375 0.0125
4 0.69453125 0.7328125 0.028125 0.0140625
16 0.803125 0.75625 0.059375 0.01875