19 0.2953125 0.0109375 0.090625 0.021875
19 0.1484375 0.01796875 0.0875 0.028125
19 0.06640625 0.03203125 0.0875 0.0265625
17 0.18359375 0.1703125 0.065625 0.0234375
17 0.28828125 0.20078125 0.0609375 0.0234375
18 0.27734375 0.2640625 0.0640625 0.025
16 0.09453125 0.3109375 0.0734375 0.025
4 0.87890625 0.04296875 0.0375 0.01875
19 0.7921875 0.05625 0.0890625 0.0265625
19 0.6828125 0.06875 0.0875 0.0234375
19 0.95 0.15625 0.0859375 0.025
19 0.86875 0.1703125 0.0859375 0.0265625
6 0.90234375 0.08671875 0.034375 0.01875
0 0.80625 0.09921875 0.021875 0.0203125
13 0.8640625 0.128125 0.05625 0.0234375
7 0.70546875 0.13515625 0.059375 0.0234375
17 0.9765625 0.31015625 0.046875 0.0234375
4 0.7765625 0.3984375 0.0359375 0.01875
4 0.77578125 0.4203125 0.0328125 0.0171875
16 0.896875 0.45234375 0.0703125 0.0203125
4 0.784375 0.84765625 0.0328125 0.01875
4 0.7859375 0.8671875 0.0328125 0.01875
16 0.8703125 0.89296875 0.0609375 0.0171875
17 0.96484375 0.765625 0.0546875 0.021875