4 0.89765625 0.1578125 0.03125 0.0125
4 0.89765625 0.178125 0.03125 0.0125
16 0.98671875 0.20234375 0.0265625 0.0171875
11 0.08515625 0.496875 0.1328125 0.0171875
3 0.26640625 0.5015625 0.0265625 0.0125
10 0.046875 0.51328125 0.065625 0.0171875
12 0.209375 0.5171875 0.0421875 0.015625
1 0.028125 0.54609375 0.05625 0.0171875
14 0.12734375 0.6265625 0.0484375 0.0171875
8 0.184375 0.6453125 0.0484375 0.0171875
6 0.21796875 0.6625 0.0296875 0.0140625
19 0.209375 0.678125 0.075 0.015625
4 0.19609375 0.69609375 0.03125 0.0140625
19 0.24296875 0.71328125 0.0734375 0.0140625
17 0.09609375 0.85703125 0.05625 0.01875
17 0.2671875 0.87890625 0.025 0.0171875
18 0.26875 0.92890625 0.021875 0.0171875
4 0.18828125 0.94140625 0.03125 0.0125
4 0.6515625 0.47578125 0.0328125 0.0140625
19 0.65703125 0.45703125 0.0765625 0.0140625
19 0.95234375 0.53203125 0.0796875 0.0171875
0 0.890625 0.4609375 0.0140625 0.0140625
13 0.97109375 0.4859375 0.05 0.015625
7 0.78515625 0.503125 0.05 0.0171875
17 0.7359375 0.70625 0.059375 0.0171875
18 0.8375 0.771875 0.0578125 0.0171875
4 0.86875 0.79296875 0.0359375 0.015625
4 0.86640625 0.81640625 0.034375 0.0171875
16 0.984375 0.83828125 0.03125 0.0171875
6 0.63125 0.52109375 0.0265625 0.0171875