17 0.075 0.07109375 0.053125 0.0125
17 0.16875 0.08984375 0.05625 0.0125
18 0.16484375 0.14765625 0.05625 0.015625
16 0.01796875 0.2109375 0.0359375 0.0125
4 0.55234375 0.00234375 0.0328125 0.0046875
19 0.9421875 0.0203125 0.084375 0.0140625
19 0.8546875 0.04453125 0.0796875 0.015625
13 0.871875 0.00234375 0.05 0.0046875
7 0.68671875 0.021875 0.05 0.015625
17 0.96484375 0.18046875 0.05625 0.01875
17 0.64453125 0.2265625 0.059375 0.015625
18 0.7484375 0.28828125 0.0578125 0.015625
4 0.78046875 0.30859375 0.0359375 0.0140625
4 0.77890625 0.33203125 0.034375 0.015625
16 0.9140625 0.35 0.0625 0.015625
6 0.53359375 0.0453125 0.0265625 0.015625
4 0.1359375 0.659375 0.0375 0.0125
19 0.04296875 0.6796875 0.0859375 0.015625
8 0.2890625 0.67890625 0.05625 0.0203125
6 0.1625 0.70078125 0.0328125 0.015625
19 0.3703125 0.74140625 0.09375 0.021875
19 0.22109375 0.7625 0.0890625 0.0203125
19 0.13515625 0.78515625 0.0921875 0.0171875
0 0.065625 0.7203125 0.021875 0.015625
13 0.12421875 0.7421875 0.05625 0.015625
17 0.2734375 0.9140625 0.065625 0.0171875
17 0.3828125 0.9359375 0.065625 0.01875
18 0.3765625 0.99453125 0.065625 0.0109375
4 0.51875 0.6140625 0.03125 0.0125
8 0.64375 0.63203125 0.0453125 0.0140625
6 0.521875 0.65234375 0.025 0.0125
13 0.515625 0.68984375 0.046875 0.0140625
19 0.72421875 0.68828125 0.075 0.0125
19 0.5875 0.70859375 0.075 0.0125
19 0.51875 0.72734375 0.075 0.0125
17 0.63515625 0.8421875 0.0546875 0.0140625
17 0.73515625 0.86015625 0.05625 0.0125
18 0.734375 0.9171875 0.0609375 0.015625
4 0.4703125 0.9359375 0.021875 0.0125
4 0.46953125 0.95703125 0.0203125 0.0140625
16 0.55 0.9765625 0.0578125 0.015625