9 0.1875 0.015625 0.01875 0.0140625
4 0.4828125 0.0265625 0.028125 0.0140625
14 0.2 0.03671875 0.0453125 0.0203125
19 0.4078125 0.0421875 0.071875 0.0171875
19 0.30078125 0.059375 0.071875 0.0171875
19 0.2125 0.07421875 0.075 0.01875
8 0.59375 0.04921875 0.03125 0.0171875
6 0.4859375 0.065625 0.0234375 0.015625
0 0.4203125 0.08046875 0.01875 0.015625
4 0.20703125 0.09296875 0.0296875 0.015625
13 0.4796875 0.10234375 0.0484375 0.01875
6 0.18515625 0.13125 0.025 0.015625
19 0.48046875 0.13984375 0.0734375 0.0171875
19 0.54609375 0.12421875 0.075 0.01875
17 0.584375 0.259375 0.05 0.01875
4 0.42265625 0.34765625 0.0265625 0.0171875
4 0.42109375 0.36796875 0.03125 0.0140625
16 0.50234375 0.38984375 0.0578125 0.021875
7 0.3390625 0.11640625 0.046875 0.015625
5 0.6140625 0.00703125 0.009375 0.0140625
2 0.859375 0.0203125 0.096875 0.03125
19 0.6921875 0.21640625 0.0921875 0.021875
8 0.62578125 0.1515625 0.0328125 0.01875
17 0.61640625 0.3859375 0.0140625 0.01875
17 0.7 0.4109375 0.065625 0.0171875
18 0.69296875 0.4671875 0.0671875 0.003125
1 0.01953125 0.478125 0.0390625 0.01875
4 0.3140625 0.56015625 0.034375 0.01875
19 0.190625 0.57578125 0.0859375 0.0171875
19 0.08203125 0.5921875 0.09375 0.01875
19 0.51640625 0.6578125 0.084375 0.01875
19 0.38125 0.67421875 0.09375 0.0234375
19 0.2828125 0.690625 0.090625 0.0203125
8 0.42890625 0.5875 0.0546875 0.01875
6 0.3078125 0.603125 0.0296875 0.0171875
0 0.21875 0.61953125 0.0234375 0.0171875
13 0.30234375 0.6453125 0.053125 0.0203125
7 0.10234375 0.659375 0.0546875 0.01875
17 0.3875 0.8328125 0.06875 0.0203125
17 0.040625 0.85859375 0.06875 0.0234375
18 0.146875 0.92578125 0.0671875 0.0171875
4 0.24375 0.9515625 0.0390625 0.0140625
4 0.225 0.97421875 0.0375 0.0140625
16 0.32265625 0.99609375 0.0703125 0.0078125
7 0.909375 0.47890625 0.0578125 0.0171875
6 0.740625 0.49453125 0.03125 0.0140625
4 0.990625 0.73828125 0.01875 0.0171875
4 0.9890625 0.759375 0.021875 0.01875