4 0.08984375 0.0625 0.03125 0.0140625
0 0.17421875 0.134375 0.0171875 0.0140625
19 0.03984375 0.178125 0.078125 0.0171875
17 0.009375 0.32109375 0.01875 0.0171875
18 0.01328125 0.37421875 0.0265625 0.0171875
4 0.06328125 0.4109375 0.03125 0.0140625
16 0.16796875 0.43671875 0.0578125 0.015625
19 0.20078125 0.08828125 0.0828125 0.021875
17 0.9765625 0.13203125 0.046875 0.0203125
17 0.6546875 0.16484375 0.065625 0.01875
18 0.75703125 0.23046875 0.0640625 0.01875
4 0.784375 0.253125 0.0328125 0.0171875
4 0.78203125 0.27421875 0.0375 0.015625
16 0.9203125 0.30390625 0.0640625 0.021875
19 0.97109375 0.62421875 0.0578125 0.0109375
19 0.88515625 0.63828125 0.0703125 0.01875
19 0.79453125 0.6515625 0.071875 0.01875
0 0.99296875 0.6625 0.0140625 0.015625
4 0.78828125 0.671875 0.03125 0.015625
7 0.9078125 0.6984375 0.0421875 0.0171875
6 0.765625 0.709375 0.0265625 0.015625
4 0.9734375 0.94296875 0.028125 0.0140625
4 0.97109375 0.9625 0.028125 0.0109375