2 0.7578125 0.0984375 0.09921875 0.02421875
5 0.515625 0.0953125 0.02421875 0.01796875
5 0.03984375 0.1390625 0.0265625 0.015625
14 0.06328125 0.23828125 0.053125 0.01796875
19 0.29609375 0.240625 0.08203125 0.01953125
19 0.17421875 0.2578125 0.08359375 0.01953125
19 0.6078125 0.2984375 0.08515625 0.01328125
19 0.0765625 0.2796875 0.07734375 0.01171875
4 0.06953125 0.30078125 0.0375 0.0125
13 0.3828125 0.3 0.05 0.01328125
19 0.384375 0.34140625 0.08046875 0.01875
17 0.621875 0.4828125 0.06015625 0.015625
18 0.61796875 0.54375 0.0609375 0.01484375
16 0.425 0.6046875 0.06171875 0.0140625
11 0.1765625 0.09609375 0.14296875 0.0171875
3 0.3625 0.09609375 0.03671875 0.01640625
15 0.0609375 0.1171875 0.02578125 0.01640625
10 0.153125 0.1171875 0.0734375 0.0140625
12 0.32421875 0.11640625 0.04765625 0.0171875
1 0.0984375 0.1578125 0.09765625 0.01484375
4 0.384375 0.21640625 0.0375 0.01484375
8 0.51875 0.2375 0.0515625 0.01953125
7 0.22109375 0.31796875 0.053125 0.01953125
19 0.45859375 0.31953125 0.084375 0.0140625
6 0.05234375 0.34140625 0.0375 0.0203125
17 0.5125 0.46484375 0.05625 0.0203125
4 0.3296875 0.56171875 0.03671875 0.0171875
4 0.328125 0.58203125 0.0328125 0.015625
6 0.3890625 0.2578125 0.03203125 0.0203125
0 0.31640625 0.278125 0.0234375 0.0203125
9 0.0453125 0.2203125 0.01796875 0.0140625