19 0.12734375 0.18203125 0.0796875 0.0203125
19 0.01796875 0.21015625 0.0359375 0.0171875
8 0.0546875 0.12578125 0.0453125 0.01875
17 0.05078125 0.35 0.053125 0.01875
17 0.1484375 0.3609375 0.0578125 0.01875
18 0.1484375 0.421875 0.0625 0.01875
6 0.7578125 0.003125 0.028125 0.00625
17 0.8859375 0.16796875 0.0625 0.0203125
18 0.98125 0.221875 0.0375 0.01875
5 0.03671875 0.46171875 0.0265625 0.0046875
19 0.1359375 0.65 0.0875 0.0234375
19 0.01875 0.68046875 0.0375 0.0265625
8 0.04609375 0.59296875 0.053125 0.0234375
17 0.05234375 0.8203125 0.059375 0.021875
18 0.16015625 0.8921875 0.053125 0.0234375
9 0.49375 0.50546875 0.009375 0.0140625
4 0.76953125 0.48828125 0.028125 0.0125
14 0.5078125 0.525 0.0375 0.0125
19 0.7 0.5125 0.075 0.0171875
8 0.89140625 0.50078125 0.034375 0.015625
19 0.60703125 0.53984375 0.071875 0.0203125
6 0.79375 0.52578125 0.025 0.015625
19 0.521875 0.56328125 0.065625 0.0203125
0 0.7171875 0.5515625 0.0171875 0.015625
4 0.51484375 0.58515625 0.03125 0.015625
13 0.76796875 0.56796875 0.0453125 0.0171875
19 0.96484375 0.55625 0.0703125 0.01875
7 0.63671875 0.596875 0.04375 0.01875
19 0.84453125 0.58359375 0.071875 0.0203125
6 0.5 0.62421875 0.021875 0.0171875
19 0.77734375 0.6078125 0.0734375 0.01875
17 0.89453125 0.72109375 0.0515625 0.01875
17 0.98046875 0.73515625 0.0390625 0.0171875
18 0.98046875 0.79453125 0.0390625 0.0171875
4 0.73125 0.83125 0.028125 0.0140625
4 0.73203125 0.85078125 0.028125 0.0125
16 0.8375 0.865625 0.059375 0.0203125