16 0.59140625 0.39375 0.0171875 0.01875
19 0.525 0.03203125 0.0765625 0.015625
19 0.4125 0.04296875 0.078125 0.021875
4 0.596875 0.0171875 0.00625 0.015625
4 0.3125 0.075 0.03125 0.015625
4 0.5296875 0.34765625 0.03125 0.015625
4 0.5265625 0.36796875 0.034375 0.0125
14 0.31015625 0.0171875 0.0515625 0.0171875
13 0.58828125 0.0984375 0.0234375 0.015625
19 0.31953125 0.05703125 0.075 0.01875
19 0.5796875 0.1359375 0.040625 0.021875
7 0.45 0.10703125 0.0546875 0.025
6 0.29140625 0.11328125 0.034375 0.01875
0 0.53828125 0.071875 0.0171875 0.01875
9 0.29609375 0.00234375 0.0203125 0.0046875
4 0.63515625 0.0609375 0.03125 0.015625
19 0.82109375 0.153125 0.0734375 0.0171875
19 0.69765625 0.165625 0.0734375 0.01875
19 0.63046875 0.1796875 0.0609375 0.01875
6 0.65390625 0.10078125 0.0265625 0.015625
13 0.6234375 0.13828125 0.046875 0.0203125
17 0.72890625 0.3078125 0.0546875 0.0171875
17 0.8203125 0.334375 0.053125 0.01875
18 0.8125 0.39375 0.059375 0.01875
16 0.65546875 0.44609375 0.0609375 0.021875
8 0.76171875 0.08828125 0.0453125 0.021875
17 0.47421875 0.70859375 0.0671875 0.021875
17 0.5734375 0.7375 0.053125 0.021875
18 0.56875 0.80078125 0.0609375 0.025
4 0.26484375 0.803125 0.0390625 0.021875
4 0.26171875 0.82265625 0.0421875 0.01875
16 0.3875 0.85390625 0.06875 0.021875