19 0.23359375 0.003125 0.0765625 0.00625
6 0.46875 0.009375 0.028125 0.015625
19 0.46328125 0.0265625 0.075 0.01875
4 0.45625 0.0421875 0.03125 0.0140625
13 0.21484375 0.04375 0.0484375 0.0171875
19 0.4921875 0.06015625 0.0765625 0.01875
19 0.565625 0.08203125 0.071875 0.01875
7 0.21328125 0.06015625 0.05 0.01875
6 0.20390625 0.07734375 0.0265625 0.0171875
19 0.22734375 0.09609375 0.0796875 0.01875
17 0.346875 0.2 0.0515625 0.01875
17 0.52890625 0.228125 0.05625 0.0171875
18 0.50703125 0.27578125 0.05 0.01875
4 0.4359375 0.28828125 0.028125 0.0140625
4 0.5953125 0.31328125 0.0296875 0.0140625
17 0.69296875 0.00390625 0.0484375 0.0078125
11 0.33359375 0.55 0.1234375 0.021875
3 0.5 0.5609375 0.03125 0.0140625
5 0.61953125 0.5671875 0.01875 0.0140625
15 0.240625 0.56484375 0.0203125 0.0125
10 0.31171875 0.57109375 0.0578125 0.01875
12 0.446875 0.57890625 0.0453125 0.015625
5 0.2234375 0.58203125 0.01875 0.0140625
1 0.26015625 0.6046875 0.08125 0.0203125
9 0.2171875 0.6609375 0.01875 0.0140625
4 0.496875 0.68125 0.0296875 0.0140625
14 0.228125 0.6828125 0.046875 0.015625
19 0.4234375 0.69765625 0.0734375 0.01875
8 0.621875 0.70859375 0.0484375 0.01875
19 0.33046875 0.71015625 0.0734375 0.0203125
6 0.51796875 0.721875 0.025 0.0140625
19 0.23984375 0.72421875 0.0734375 0.0171875
0 0.4359375 0.7359375 0.0203125 0.0171875
4 0.23203125 0.7421875 0.0296875 0.0140625
13 0.4828125 0.76015625 0.0453125 0.01875
19 0.6578125 0.775 0.021875 0.021875
7 0.35078125 0.7703125 0.046875 0.0203125
19 0.55703125 0.78515625 0.0703125 0.0171875
6 0.21171875 0.7796875 0.0265625 0.0140625
19 0.48984375 0.80078125 0.0734375 0.01875
17 0.5921875 0.92890625 0.053125 0.0171875
17 0.6609375 0.953125 0.015625 0.015625
2 0.05703125 0.534375 0.0765625 0.028125
3 0.7265625 0.5859375 0.0375 0.0171875
5 0.86796875 0.59375 0.021875 0.0171875
12 0.6875 0.60546875 0.0375 0.0203125
4 0.753125 0.71640625 0.0359375 0.01875
19 0.94453125 0.81484375 0.0828125 0.0203125
19 0.815625 0.83125 0.084375 0.021875
19 0.72734375 0.8484375 0.084375 0.0203125
8 0.86171875 0.746875 0.0515625 0.0203125
6 0.74921875 0.759375 0.028125 0.015625
0 0.67109375 0.77734375 0.0046875 0.0140625
13 0.74453125 0.8046875 0.046875 0.0203125
17 0.828125 0.9890625 0.059375 0.021875