11 0.19765625 0.11875 0.1359375 0.0140625
3 0.3859375 0.12109375 0.0296875 0.0140625
5 0.5203125 0.121875 0.01640625 0.0125
15 0.07578125 0.1359375 0.021875 0.01015625
10 0.15859375 0.1359375 0.06015625 0.0140625
12 0.3265625 0.1375 0.04296875 0.01484375
5 0.05625 0.153125 0.0171875 0.0125
1 0.1234375 0.1703125 0.08828125 0.0125
4 0.48671875 0.234375 0.03046875 0.01171875
14 0.24140625 0.24921875 0.0484375 0.0125
8 0.3015625 0.2671875 0.0484375 0.01484375
19 0.08359375 0.28203125 0.08046875 0.01328125
6 0.33671875 0.2828125 0.0265625 0.0109375
19 0.32734375 0.30078125 0.078125 0.0140625
0 0.575 0.30234375 0.01640625 0.0125
4 0.3125 0.31796875 0.03203125 0.0125
13 0.0671875 0.3328125 0.05078125 0.0109375
19 0.36328125 0.33515625 0.0796875 0.01171875
7 0.06484375 0.35 0.0515625 0.0140625
19 0.44296875 0.353125 0.07734375 0.0125
6 0.0546875 0.365625 0.028125 0.0125
19 0.078125 0.3828125 0.07734375 0.0125
17 0.2109375 0.48046875 0.05390625 0.01640625
17 0.4015625 0.49921875 0.05546875 0.0140625
18 0.40859375 0.55078125 0.0625 0.01328125
4 0.30703125 0.565625 0.0296875 0.01171875
4 0.47890625 0.584375 0.03125 0.0125
9 0.05234375 0.23125 0.015625 0.0125
2 0.75703125 0.12890625 0.05625 0.01796875
16 0.584375 0.6046875 0.05703125 0.01328125
19 0.59921875 0.2546875 0.08125 0.0171875