5 0.3015625 0.01015625 0.0234375 0.01875
4 0.61640625 0.0796875 0.0328125 0.0140625
19 0.53828125 0.103125 0.0796875 0.015625
19 0.33125 0.14453125 0.084375 0.01875
19 0.66640625 0.17734375 0.0265625 0.0140625
19 0.621875 0.19921875 0.071875 0.0140625
1 0.35234375 0.02890625 0.0921875 0.01875
14 0.3171875 0.10625 0.05625 0.015625
19 0.42578125 0.1234375 0.071875 0.0171875
4 0.32421875 0.16796875 0.0296875 0.0140625
13 0.61953125 0.16015625 0.05625 0.015625
6 0.3046875 0.20390625 0.0328125 0.01875
6 0.6234375 0.11953125 0.0296875 0.0171875
9 0.30078125 0.0875 0.0234375 0.01875
7 0.46953125 0.1828125 0.0515625 0.0125
0 0.55703125 0.140625 0.0203125 0.0171875
4 0.13671875 0.40625 0.0296875 0.015625
19 0.0609375 0.428125 0.0765625 0.0171875
19 0.33984375 0.48125 0.078125 0.0140625
19 0.21328125 0.5046875 0.0765625 0.0140625
19 0.140625 0.52734375 0.075 0.0140625
8 0.27109375 0.4234375 0.046875 0.015625
6 0.16015625 0.4453125 0.025 0.0140625
0 0.07890625 0.46640625 0.015625 0.015625
13 0.13125 0.4875 0.0453125 0.015625
7 0.0078125 0.509375 0.015625 0.015625
17 0.259375 0.64609375 0.0515625 0.0171875
17 0.35390625 0.6640625 0.05625 0.015625
18 0.353125 0.725 0.0578125 0.0171875
4 0.08515625 0.7515625 0.0328125 0.0125
16 0.1953125 0.78984375 0.0578125 0.0203125
11 0.7109375 0.3734375 0.0625 0.015625
3 0.8515625 0.36875 0.0328125 0.0140625
5 0.97421875 0.3640625 0.01875 0.0125
12 0.79609375 0.38828125 0.04375 0.0140625
4 0.95859375 0.47734375 0.0296875 0.0140625
14 0.7296875 0.50078125 0.0484375 0.0140625
8 0.78359375 0.515625 0.0515625 0.0171875
6 0.81875 0.53125 0.0265625 0.0140625
19 0.8140625 0.5484375 0.075 0.015625
4 0.809375 0.56484375 0.0296875 0.0125
19 0.84609375 0.58046875 0.075 0.015625
19 0.92109375 0.5953125 0.071875 0.015625
17 0.71328125 0.73203125 0.0515625 0.015625
17 0.89765625 0.74375 0.05625 0.015625
18 0.8796875 0.79375 0.05 0.0171875
4 0.81015625 0.81171875 0.028125 0.0125
4 0.97109375 0.8234375 0.028125 0.0125