11 0.13671875 0.07578125 0.134375 0.01640625
3 0.31953125 0.07578125 0.03046875 0.015625
5 0.44453125 0.07421875 0.015625 0.01484375
2 0.6625 0.08203125 0.08203125 0.02421875
15 0.03984375 0.09765625 0.01875 0.009375
10 0.11796875 0.096875 0.0640625 0.0109375
12 0.259375 0.0953125 0.04453125 0.0140625
5 0.025 0.1203125 0.0234375 0.0125
1 0.06484375 0.1375 0.07734375 0.01484375
9 0.02578125 0.19921875 0.01640625 0.0171875
4 0.32265625 0.19765625 0.0296875 0.01328125
14 0.03984375 0.2203125 0.04296875 0.0140625
19 0.246875 0.21953125 0.0734375 0.01328125
19 0.146875 0.2390625 0.07890625 0.0140625
19 0.05390625 0.2609375 0.07421875 0.01328125
19 0.525 0.278125 0.07578125 0.0109375
19 0.39765625 0.29921875 0.07734375 0.01171875
19 0.32421875 0.3203125 0.07578125 0.0171875
8 0.45625 0.21796875 0.046875 0.01796875
6 0.346875 0.2375 0.02734375 0.015625
0 0.26328125 0.2578125 0.0171875 0.01484375
4 0.04921875 0.28125 0.03046875 0.0109375
13 0.315625 0.2796875 0.0484375 0.0125
7 0.1765625 0.29921875 0.04921875 0.015625
6 0.0296875 0.3203125 0.02578125 0.01640625
17 0.440625 0.4421875 0.05390625 0.01328125
17 0.53671875 0.46171875 0.05234375 0.0171875
18 0.53515625 0.52109375 0.05859375 0.01484375
4 0.2640625 0.54296875 0.03046875 0.0140625
4 0.265625 0.56171875 0.03125 0.01328125
16 0.37578125 0.5828125 0.06015625 0.01796875