17 0.15625 0.059375 0.0546875 0.015625
17 0.253125 0.07421875 0.053125 0.0203125
18 0.2546875 0.13359375 0.059375 0.0171875
16 0.09921875 0.203125 0.0609375 0.0203125
19 0.61484375 0.0078125 0.0296875 0.015625
13 0.85390625 0.0125 0.0421875 0.0109375
7 0.71640625 0.040625 0.046875 0.015625
19 0.9359375 0.025 0.0765625 0.01875
19 0.8625 0.05078125 0.0734375 0.0171875
17 0.9796875 0.165625 0.040625 0.015625
4 0.81484375 0.275 0.0328125 0.0140625
4 0.81640625 0.29453125 0.028125 0.0140625
16 0.925 0.309375 0.0609375 0.015625
19 0.34296875 0.5828125 0.075 0.0171875
19 0.2546875 0.60625 0.075 0.015625
6 0.528125 0.57421875 0.025 0.0109375
0 0.4640625 0.5953125 0.0203125 0.015625
4 0.24921875 0.625 0.03125 0.0140625
13 0.525 0.61015625 0.0484375 0.015625
7 0.38515625 0.6375 0.0453125 0.0171875
6 0.23203125 0.66328125 0.0265625 0.0125
19 0.528125 0.64921875 0.0734375 0.015625
19 0.578125 0.6265625 0.04375 0.01875
4 0.48828125 0.859375 0.0296875 0.0140625
4 0.48828125 0.878125 0.0296875 0.015625
16 0.5703125 0.89375 0.0578125 0.021875
14 0.240625 0.5734375 0.05 0.009375
17 0.884375 0.60625 0.053125 0.0171875
17 0.975 0.621875 0.05 0.015625
18 0.975 0.6828125 0.05 0.01875
4 0.71796875 0.71484375 0.0265625 0.0140625
4 0.721875 0.7359375 0.034375 0.0125
16 0.82578125 0.75234375 0.05625 0.0203125