19 0.36875 0.0984375 0.0734375 0.0171875
13 0.35234375 0.14453125 0.0453125 0.0140625
7 0.35 0.16171875 0.0453125 0.0140625
6 0.34140625 0.17734375 0.025 0.0125
19 0.36328125 0.19609375 0.071875 0.015625
9 0.33828125 0.046875 0.01875 0.0125
16 0.68125 0.00234375 0.059375 0.0046875
2 0.2953125 0.40546875 0.0765625 0.0234375
5 0.4625 0.44453125 0.0125 0.0140625
9 0.46171875 0.52421875 0.0140625 0.0140625
14 0.459375 0.5453125 0.01875 0.015625
19 0.45859375 0.584375 0.0203125 0.015625
6 0.45625 0.64296875 0.025 0.0171875
9 0.9328125 0.3921875 0.0140625 0.0140625
14 0.94375 0.4140625 0.05 0.015625
19 0.95703125 0.45234375 0.0734375 0.015625
4 0.94921875 0.47265625 0.028125 0.0140625