4 0.01875 0.003125 0.03125 0.00625
13 0.2796875 0.0125 0.0453125 0.0171875
19 0.4671875 0.0234375 0.04375 0.015625
7 0.1390625 0.02265625 0.046875 0.01875
19 0.3578125 0.0359375 0.0734375 0.0171875
6 0.00390625 0.0359375 0.0078125 0.0125
19 0.28359375 0.0515625 0.0734375 0.01875
17 0.39296875 0.18046875 0.053125 0.0171875
17 0.4734375 0.20546875 0.03125 0.0171875
18 0.46875 0.265625 0.040625 0.01875
4 0.2125 0.27109375 0.0328125 0.015625
4 0.2125 0.290625 0.03125 0.015625
16 0.3203125 0.31796875 0.0578125 0.0171875
4 0.9203125 0.20078125 0.03125 0.0140625
4 0.91953125 0.22109375 0.03125 0.0140625
1 0.009375 0.5984375 0.01875 0.01875
4 0.23046875 0.67421875 0.0296875 0.0171875
19 0.15234375 0.68984375 0.0765625 0.021875
19 0.05390625 0.703125 0.0765625 0.0171875
19 0.42578125 0.7671875 0.078125 0.0171875
19 0.29765625 0.7796875 0.0765625 0.01875
19 0.2234375 0.7953125 0.075 0.01875
8 0.3625 0.703125 0.0484375 0.01875
6 0.25 0.715625 0.0265625 0.015625
0 0.1671875 0.7296875 0.0171875 0.0171875
13 0.21796875 0.75546875 0.046875 0.0171875
7 0.0765625 0.76484375 0.0484375 0.01875
17 0.33125 0.92421875 0.0515625 0.01875
17 0.42421875 0.95078125 0.05625 0.0171875
4 0.52578125 0.63671875 0.0328125 0.01875
19 0.7484375 0.5921875 0.0875 0.00625
19 0.64296875 0.5984375 0.090625 0.01875
19 0.53359375 0.615625 0.084375 0.021875
19 0.9265625 0.68671875 0.09375 0.021875
19 0.83515625 0.70234375 0.0859375 0.01875
8 0.975 0.6 0.05 0.01875
6 0.86328125 0.61484375 0.03125 0.01875
0 0.775 0.63125 0.021875 0.01875
13 0.85390625 0.6578125 0.05 0.01875
7 0.66328125 0.6671875 0.05625 0.01875
6 0.503125 0.68046875 0.028125 0.0171875
17 0.9390625 0.84453125 0.0625 0.021875
17 0.60859375 0.87109375 0.065625 0.01875
18 0.71015625 0.93828125 0.0640625 0.0203125
4 0.7375 0.96171875 0.034375 0.0171875
4 0.734375 0.9828125 0.0375 0.015625