15 0.109375 0.00625 0.021875 0.0125
10 0.18984375 0.00625 0.0609375 0.0125
12 0.33984375 0.00546875 0.0421875 0.0109375
5 0.09375 0.021875 0.01875 0.015625
1 0.1421875 0.0421875 0.084375 0.0171875
9 0.090625 0.09609375 0.01875 0.0140625
4 0.38515625 0.1015625 0.028125 0.0140625
14 0.103125 0.1171875 0.0453125 0.01875
19 0.3109375 0.11953125 0.071875 0.015625
19 0.2046875 0.1375 0.071875 0.015625
19 0.115625 0.15390625 0.075 0.0171875
6 0.38984375 0.140625 0.0234375 0.015625
0 0.32421875 0.15703125 0.01875 0.015625
4 0.1109375 0.17265625 0.0296875 0.0140625
13 0.38359375 0.17734375 0.0484375 0.0171875
6 0.08984375 0.21171875 0.025 0.015625
19 0.37890625 0.2140625 0.0609375 0.015625
4 0.33125 0.42421875 0.0265625 0.015625
4 0.3296875 0.44453125 0.03125 0.0125
16 0.3953125 0.46484375 0.028125 0.0203125
7 0.24296875 0.19453125 0.046875 0.015625
19 0.86796875 0.00234375 0.0890625 0.0046875
19 0.75390625 0.01796875 0.0890625 0.0140625
6 0.98046875 0.0203125 0.0265625 0.0140625
19 0.64375 0.0359375 0.0875 0.0140625
0 0.88359375 0.03984375 0.01875 0.0140625
4 0.6359375 0.05625 0.0390625 0.015625
13 0.94453125 0.0625 0.053125 0.0125
7 0.78125 0.08046875 0.05625 0.0171875
6 0.61171875 0.096875 0.0296875 0.0125
19 0.95234375 0.1046875 0.0890625 0.0109375
4 0.87109375 0.33671875 0.0328125 0.0125
4 0.8703125 0.35859375 0.040625 0.01875
16 0.978125 0.38203125 0.04375 0.0203125
1 0.03046875 0.53828125 0.0609375 0.0171875
4 0.3328125 0.61328125 0.0359375 0.0140625
19 0.21015625 0.63203125 0.0875 0.0140625
19 0.1 0.64765625 0.090625 0.0171875
6 0.328125 0.6546875 0.028125 0.0140625
19 0.015625 0.66640625 0.03125 0.0140625
0 0.23828125 0.6734375 0.021875 0.0140625
13 0.32265625 0.69765625 0.0515625 0.015625
19 0.3796875 0.72265625 0.059375 0.0171875
19 0.30234375 0.74296875 0.0890625 0.0140625
7 0.121875 0.71328125 0.0515625 0.0171875
17 0.39375 0.878125 0.03125 0.015625
17 0.065625 0.91015625 0.0625 0.015625
18 0.17265625 0.9734375 0.0609375 0.0109375
4 0.26953125 0.9953125 0.0359375 0.009375
19 0.53984375 0.52578125 0.0921875 0.0140625
19 0.45 0.54453125 0.08125 0.0140625
17 0.5546875 0.68046875 0.0640625 0.015625
4 0.4203125 0.79921875 0.021875 0.0140625
16 0.490625 0.84453125 0.0671875 0.01875