11 0.24609375 0.009375 0.1234375 0.0171875
3 0.4140625 0.00234375 0.028125 0.0046875
15 0.15390625 0.03515625 0.0234375 0.0109375
10 0.228125 0.0328125 0.059375 0.01875
12 0.36328125 0.02265625 0.0453125 0.015625
5 0.13984375 0.053125 0.0140625 0.0125
1 0.178125 0.071875 0.0796875 0.0171875
9 0.1421875 0.13359375 0.015625 0.0140625
4 0.425 0.11796875 0.0296875 0.0125
14 0.15703125 0.153125 0.046875 0.015625
19 0.35390625 0.14140625 0.071875 0.015625
19 0.2625 0.16640625 0.071875 0.015625
19 0.17265625 0.1921875 0.071875 0.015625
19 0.4765625 0.21328125 0.025 0.0140625
19 0.43203125 0.23671875 0.071875 0.0140625
6 0.44921875 0.15625 0.0234375 0.0140625
0 0.37109375 0.1796875 0.0171875 0.0140625
4 0.16796875 0.21171875 0.0296875 0.0125
13 0.42265625 0.1984375 0.046875 0.015625
7 0.28828125 0.22578125 0.0453125 0.0125
6 0.15078125 0.25078125 0.0265625 0.0140625
4 0.38203125 0.4609375 0.0296875 0.015625
4 0.38125 0.4796875 0.0296875 0.0109375
16 0.47421875 0.496875 0.0296875 0.01875
11 0.98359375 0.08359375 0.0328125 0.0234375
15 0.9390625 0.1078125 0.021875 0.015625
10 0.98984375 0.10390625 0.0203125 0.0171875
5 0.92421875 0.12734375 0.0203125 0.0140625
1 0.96328125 0.14609375 0.0734375 0.0203125
9 0.9265625 0.20703125 0.0171875 0.0140625
14 0.940625 0.2265625 0.0484375 0.01875
19 0.95703125 0.265625 0.071875 0.0171875
4 0.9515625 0.28515625 0.028125 0.0125
6 0.9359375 0.32578125 0.028125 0.0140625
2 0.7546875 0.10703125 0.075 0.0234375
11 0.0578125 0.58828125 0.115625 0.0171875
3 0.21953125 0.5828125 0.0328125 0.00625
10 0.028125 0.60703125 0.05625 0.0171875
12 0.18359375 0.6 0.0453125 0.01875
1 0.0125 0.6484375 0.025 0.01875
4 0.24453125 0.6921875 0.0328125 0.01875
19 0.1640625 0.71484375 0.075 0.01875
19 0.0546875 0.740625 0.075 0.0171875
8 0.36875 0.703125 0.05 0.01875
6 0.24765625 0.7296875 0.025 0.0140625
0 0.1828125 0.75234375 0.021875 0.015625
13 0.2453125 0.76796875 0.05 0.01875
19 0.4515625 0.75546875 0.075 0.0203125
19 0.31875 0.7828125 0.078125 0.0171875
19 0.25078125 0.80546875 0.0765625 0.01875
7 0.09765625 0.7953125 0.0484375 0.0171875
17 0.36953125 0.91484375 0.05625 0.0203125
17 0.46484375 0.928125 0.0484375 0.01875
18 0.46484375 0.98671875 0.0484375 0.0203125
14 0.8359375 0.5828125 0.053125 0.00625
19 0.9578125 0.59140625 0.084375 0.0203125
19 0.853125 0.61875 0.0890625 0.0234375
6 0.8265625 0.6828125 0.0328125 0.0171875
7 0.9796875 0.6546875 0.040625 0.021875