2 0.6734375 0.08828125 0.0765625 0.021875
11 0.1515625 0.08203125 0.13203125 0.01484375
3 0.33125 0.0796875 0.03359375 0.01171875
5 0.45703125 0.08046875 0.0203125 0.01171875
15 0.05234375 0.10234375 0.02265625 0.01015625
10 0.13125 0.10234375 0.06796875 0.0140625
12 0.27109375 0.10078125 0.04296875 0.0125
5 0.0390625 0.12265625 0.0171875 0.01171875
1 0.07890625 0.1421875 0.07890625 0.0140625
9 0.0390625 0.2015625 0.01484375 0.01171875
4 0.3359375 0.2015625 0.03125 0.01328125
14 0.053125 0.22265625 0.04453125 0.01328125
19 0.25703125 0.221875 0.0765625 0.0140625
8 0.46640625 0.22109375 0.04765625 0.01171875
19 0.16015625 0.2421875 0.0796875 0.01171875
19 0.40859375 0.303125 0.07421875 0.01171875
19 0.53515625 0.28125 0.0734375 0.01171875
19 0.06796875 0.2640625 0.075 0.01171875
19 0.3359375 0.32421875 0.07421875 0.01484375
6 0.35859375 0.240625 0.02734375 0.01328125
0 0.27578125 0.2625 0.01875 0.0140625
4 0.0625 0.2828125 0.03203125 0.01171875
13 0.3265625 0.28125 0.04453125 0.0125
7 0.1875 0.3015625 0.0484375 0.0140625
6 0.0421875 0.32421875 0.02265625 0.0140625
17 0.45234375 0.44453125 0.05234375 0.0140625
17 0.5484375 0.4640625 0.05625 0.0140625
18 0.54453125 0.5234375 0.0578125 0.0140625
4 0.27734375 0.54609375 0.0328125 0.01328125
4 0.278125 0.56484375 0.03203125 0.0125
16 0.38671875 0.5859375 0.05859375 0.015625