2 0.2109375 0.12109375 0.05078125 0.01484375
11 0.53515625 0.1203125 0.13125 0.01171875
3 0.7140625 0.12109375 0.03203125 0.01171875
5 0.8421875 0.12109375 0.01796875 0.01328125
15 0.41796875 0.1375 0.02421875 0.00859375
10 0.49921875 0.13515625 0.06015625 0.01328125
12 0.65625 0.13671875 0.04375 0.01328125
5 0.4015625 0.15234375 0.0171875 0.0125
1 0.465625 0.16953125 0.08984375 0.01015625
4 0.8203125 0.23203125 0.028125 0.0125
14 0.58671875 0.24765625 0.046875 0.01171875
8 0.640625 0.26484375 0.0484375 0.015625
6 0.675 0.28046875 0.0265625 0.01328125
0 0.90859375 0.29921875 0.009375 0.0109375
4 0.6640625 0.31328125 0.028125 0.0125
13 0.415625 0.32734375 0.04609375 0.01015625
19 0.70234375 0.33046875 0.07421875 0.0125
7 0.41484375 0.34453125 0.04453125 0.01640625
19 0.77734375 0.346875 0.075 0.0109375
6 0.40390625 0.36171875 0.0234375 0.009375
19 0.42890625 0.37734375 0.078125 0.01328125
17 0.55703125 0.47265625 0.0515625 0.01171875
17 0.74296875 0.490625 0.053125 0.0140625
18 0.7234375 0.5390625 0.05078125 0.0140625
4 0.6515625 0.55546875 0.02890625 0.0109375
4 0.81640625 0.571875 0.02890625 0.01171875
9 0.39921875 0.23125 0.01484375 0.01171875
16 0.91640625 0.59140625 0.05625 0.01484375
19 0.43046875 0.28046875 0.07734375 0.0140625
19 0.66953125 0.29609375 0.08046875 0.0125
19 0.93046875 0.24921875 0.07578125 0.01328125