2 0.2875 0.090625 0.0765625 0.02109375
11 0.5671875 0.08359375 0.125 0.01328125
3 0.73671875 0.08359375 0.0296875 0.0140625
5 0.8578125 0.0828125 0.01875 0.0140625
15 0.4734375 0.10625 0.0203125 0.0125
10 0.546875 0.10625 0.0625 0.015625
12 0.68359375 0.10390625 0.04296875 0.015625
5 0.459375 0.125 0.01796875 0.0140625
1 0.4953125 0.1453125 0.07734375 0.0140625
9 0.459375 0.2046875 0.015625 0.01328125
4 0.7421875 0.203125 0.034375 0.01484375
14 0.4703125 0.22421875 0.046875 0.0140625
19 0.6671875 0.22265625 0.0703125 0.0140625
19 0.5734375 0.24453125 0.07109375 0.0109375
19 0.484375 0.2640625 0.07421875 0.0125
19 0.93046875 0.28359375 0.07109375 0.0125
19 0.80859375 0.30390625 0.06796875 0.01640625
19 0.740625 0.32421875 0.0734375 0.01328125
8 0.8671875 0.2234375 0.046875 0.015625
6 0.7625 0.24296875 0.0234375 0.0140625
0 0.68359375 0.2625 0.01875 0.01328125
4 0.47734375 0.2828125 0.0296875 0.0140625
13 0.734375 0.284375 0.04765625 0.01328125
7 0.5984375 0.30390625 0.0453125 0.0140625
6 0.46015625 0.32265625 0.03203125 0.01640625
17 0.85 0.44453125 0.05234375 0.01484375
17 0.9421875 0.465625 0.0546875 0.0125
18 0.93984375 0.52734375 0.05390625 0.01640625
4 0.678125 0.54453125 0.0265625 0.0125
4 0.68125 0.565625 0.03359375 0.0109375
16 0.784375 0.5875 0.05546875 0.01796875