5 0.0078125 0.07734375 0.015625 0.0140625
0 0.0765625 0.2515625 0.01875 0.0140625
4 0.01328125 0.53828125 0.0265625 0.0140625
2 0.23671875 0.06328125 0.053125 0.021875
16 0.11640625 0.54375 0.0578125 0.0125
19 0.09609375 0.2 0.078125 0.0171875
17 0.559375 0.1078125 0.05625 0.0203125
18 0.56875 0.1578125 0.0546875 0.01875
4 0.47421875 0.18046875 0.0296875 0.0140625
4 0.64453125 0.184375 0.03125 0.015625
16 0.75 0.19296875 0.059375 0.01875
17 0.17890625 0.61171875 0.05625 0.0171875
17 0.28046875 0.62265625 0.0578125 0.0171875
18 0.28359375 0.6796875 0.0625 0.01875
4 0.01640625 0.71796875 0.0328125 0.0140625
4 0.01640625 0.73828125 0.0328125 0.015625
16 0.10390625 0.7515625 0.059375 0.01875
19 0.67421875 0.73671875 0.084375 0.021875
19 0.53359375 0.7703125 0.0890625 0.021875
19 0.47734375 0.79375 0.0359375 0.021875
8 0.59375 0.68046875 0.05625 0.0234375
6 0.4734375 0.70703125 0.028125 0.0171875
17 0.5921875 0.915625 0.0609375 0.0234375
17 0.696875 0.92421875 0.065625 0.021875
18 0.69921875 0.98984375 0.0671875 0.0203125