9 0.09140625 0.0078125 0.0140625 0.0140625
4 0.37265625 0.0078125 0.03125 0.0125
14 0.103125 0.02890625 0.05 0.0140625
19 0.3 0.028125 0.071875 0.0125
8 0.496875 0.02578125 0.05 0.015625
19 0.20625 0.04765625 0.0703125 0.0125
19 0.1171875 0.0671875 0.071875 0.0125
19 0.5625 0.08828125 0.0734375 0.015625
19 0.44140625 0.10859375 0.06875 0.0125
19 0.371875 0.12734375 0.071875 0.0109375
6 0.39296875 0.04765625 0.0234375 0.0109375
0 0.31484375 0.0671875 0.015625 0.0125
4 0.11015625 0.0875 0.028125 0.0125
13 0.36484375 0.0875 0.04375 0.0125
7 0.23046875 0.1078125 0.046875 0.0140625
17 0.4796875 0.24921875 0.053125 0.0125
17 0.56953125 0.26953125 0.05 0.0171875
18 0.56953125 0.33046875 0.053125 0.0140625
4 0.309375 0.34765625 0.0296875 0.0125
4 0.31015625 0.36875 0.0296875 0.0125
16 0.41484375 0.390625 0.05625 0.0140625
19 0.62734375 0.28203125 0.0546875 0.0171875
17 0.62734375 0.4640625 0.053125 0.015625
2 0.74921875 0.08671875 0.084375 0.021875
2 0.1453125 0.54140625 0.096875 0.028125
11 0.45859375 0.53828125 0.128125 0.021875
15 0.3484375 0.559375 0.028125 0.015625
10 0.434375 0.55859375 0.065625 0.0171875
12 0.5875 0.5546875 0.025 0.015625
5 0.33359375 0.5796875 0.0203125 0.0125
1 0.38203125 0.59765625 0.0984375 0.015625
14 0.35 0.67578125 0.046875 0.0140625
19 0.56328125 0.6734375 0.0734375 0.015625
19 0.45546875 0.69375 0.071875 0.0171875
19 0.3578125 0.71484375 0.0828125 0.0171875
0 0.58046875 0.71015625 0.021875 0.01875
4 0.35234375 0.73125 0.034375 0.0125
7 0.49765625 0.75078125 0.05 0.01875
6 0.33359375 0.7703125 0.034375 0.01875
4 0.590625 0.98359375 0.01875 0.0140625
9 0.33125 0.65546875 0.01875 0.015625
4 0.9734375 0.67578125 0.028125 0.0140625
4 0.97265625 0.69453125 0.028125 0.0125