4 0.16640625 0.01875 0.0296875 0.0140625
19 0.08984375 0.04453125 0.0765625 0.01875
19 0.0109375 0.07421875 0.021875 0.0203125
19 0.37109375 0.078125 0.0578125 0.021875
19 0.24453125 0.1078125 0.078125 0.0203125
19 0.17578125 0.1328125 0.078125 0.0203125
4 0.14609375 0.35234375 0.0328125 0.01875
4 0.1484375 0.3703125 0.0328125 0.0140625
18 0.38984375 0.3078125 0.0203125 0.01875
8 0.296875 0.0265625 0.05 0.025
13 0.1703125 0.0953125 0.053125 0.0203125
7 0.0265625 0.12734375 0.053125 0.0203125
17 0.30625 0.24140625 0.0546875 0.021875
17 0.3890625 0.25234375 0.021875 0.0203125
16 0.2359375 0.38203125 0.0625 0.028125
0 0.10703125 0.08203125 0.01875 0.0140625
6 0.17421875 0.0546875 0.0265625 0.0140625
11 0.4609375 0.0109375 0.121875 0.021875
10 0.43515625 0.03125 0.0625 0.015625
12 0.57734375 0.01875 0.0453125 0.0140625
1 0.41484375 0.07734375 0.0296875 0.0203125
4 0.65 0.11484375 0.0296875 0.015625
19 0.5734375 0.13984375 0.0765625 0.01875
8 0.7828125 0.121875 0.05 0.0171875
19 0.4796875 0.16953125 0.0765625 0.01875
6 0.6765625 0.15234375 0.0265625 0.015625
19 0.41328125 0.1984375 0.0265625 0.01875
0 0.5921875 0.17734375 0.01875 0.0171875
13 0.6484375 0.1953125 0.046875 0.015625
19 0.85625 0.1765625 0.078125 0.0203125
7 0.51171875 0.2265625 0.0484375 0.0171875
19 0.73046875 0.2078125 0.075 0.0203125
19 0.66015625 0.234375 0.075 0.01875
17 0.7875 0.34453125 0.053125 0.01875
17 0.88359375 0.35625 0.05625 0.0171875
4 0.61875 0.4609375 0.03125 0.0140625
4 0.62109375 0.48203125 0.028125 0.0140625
16 0.7328125 0.4921875 0.059375 0.0171875
18 0.884375 0.4171875 0.0578125 0.01875
6 0.39296875 0.5765625 0.0140625 0.0125
11 0.4828125 0.5765625 0.1359375 0.0265625
3 0.6703125 0.56484375 0.03125 0.0109375
10 0.4453125 0.596875 0.0609375 0.01875
12 0.6125 0.58359375 0.04375 0.01875
1 0.42890625 0.63359375 0.0578125 0.0203125
4 0.78046875 0.66640625 0.03125 0.0140625
14 0.5375 0.70234375 0.05 0.0171875
8 0.59921875 0.71484375 0.05 0.01875
19 0.41171875 0.74921875 0.0234375 0.0203125
6 0.6359375 0.72734375 0.028125 0.0125
19 0.628125 0.74609375 0.0796875 0.0203125
0 0.875 0.7265625 0.0171875 0.0140625
4 0.61484375 0.76484375 0.0328125 0.015625
19 0.66640625 0.77734375 0.0796875 0.01875
19 0.74765625 0.78828125 0.078125 0.01875
19 0.4125 0.85 0.025 0.01875
17 0.52734375 0.93515625 0.0546875 0.0203125
17 0.71875 0.9375 0.05625 0.01875
18 0.73046875 0.98828125 0.0640625 0.01875
19 0.89453125 0.6765625 0.0828125 0.0234375