2 0.66484375 0.0890625 0.0796875 0.02109375
11 0.14453125 0.084375 0.134375 0.01640625
3 0.32109375 0.08125 0.02734375 0.0109375
5 0.446875 0.08359375 0.01796875 0.01015625
15 0.0453125 0.10625 0.0203125 0.0109375
10 0.12109375 0.1046875 0.06328125 0.01484375
12 0.265625 0.10390625 0.04296875 0.01796875
5 0.0328125 0.12734375 0.02265625 0.01328125
1 0.07109375 0.1453125 0.07890625 0.015625
9 0.03046875 0.20546875 0.0171875 0.01484375
4 0.3265625 0.2046875 0.02890625 0.01484375
14 0.04765625 0.22734375 0.04453125 0.015625
19 0.25 0.225 0.07578125 0.01640625
19 0.15234375 0.2453125 0.0765625 0.01171875
19 0.059375 0.26796875 0.0734375 0.01328125
19 0.528125 0.28359375 0.07734375 0.0125
19 0.40078125 0.3046875 0.07578125 0.01328125
19 0.328125 0.32578125 0.07421875 0.01328125
8 0.46015625 0.22421875 0.046875 0.01484375
6 0.34921875 0.24453125 0.025 0.0140625
0 0.2671875 0.2640625 0.015625 0.015625
4 0.05546875 0.28671875 0.02890625 0.01328125
13 0.31953125 0.2859375 0.0453125 0.0140625
7 0.1796875 0.30546875 0.046875 0.01484375
6 0.03671875 0.32734375 0.025 0.01328125
17 0.44453125 0.446875 0.05078125 0.015625
17 0.5390625 0.46640625 0.05546875 0.0140625
18 0.53671875 0.52734375 0.05703125 0.015625
4 0.26875 0.54921875 0.03203125 0.01171875
16 0.378125 0.5890625 0.0578125 0.01875