1 0.41953125 0.0140625 0.078125 0.015625
9 0.38359375 0.07265625 0.0140625 0.0109375
14 0.39609375 0.09375 0.04375 0.015625
19 0.4765625 0.1125 0.025 0.0125
19 0.409375 0.134375 0.071875 0.0109375
4 0.40390625 0.15390625 0.028125 0.0140625
6 0.3859375 0.1921875 0.0265625 0.0125
4 0.92890625 0.09453125 0.034375 0.015625
4 0.9296875 0.11640625 0.03125 0.015625
11 0.046875 0.5265625 0.09375 0.01875
3 0.2203125 0.525 0.034375 0.01875
5 0.36328125 0.52421875 0.021875 0.015625
12 0.15859375 0.54765625 0.0515625 0.01875
10 0.015625 0.54765625 0.03125 0.0171875
4 0.2234375 0.65078125 0.03125 0.015625
19 0.13828125 0.671875 0.0875 0.0171875
19 0.03515625 0.6921875 0.0703125 0.01875
19 0.4484375 0.73671875 0.08125 0.0171875
19 0.30703125 0.7578125 0.090625 0.0171875
19 0.22578125 0.778125 0.0875 0.015625
8 0.37578125 0.6703125 0.059375 0.0171875
6 0.253125 0.6921875 0.03125 0.015625
0 0.15546875 0.71328125 0.01875 0.0171875
13 0.21640625 0.734375 0.0609375 0.015625
7 0.05390625 0.75546875 0.05625 0.0171875
17 0.35546875 0.90546875 0.065625 0.0203125
17 0.46015625 0.928125 0.0578125 0.01875
18 0.45859375 0.98984375 0.0609375 0.0171875
5 0.6625 0.50703125 0.021875 0.0140625
1 0.709375 0.52734375 0.0859375 0.0140625
9 0.6609375 0.58203125 0.0171875 0.015625
4 0.95546875 0.58359375 0.03125 0.0125
14 0.6734375 0.60234375 0.046875 0.015625
19 0.88046875 0.603125 0.071875 0.015625
19 0.775 0.62265625 0.071875 0.015625
19 0.6859375 0.63984375 0.071875 0.015625
6 0.96015625 0.621875 0.021875 0.0140625
0 0.89453125 0.640625 0.015625 0.0125
4 0.6796875 0.65859375 0.028125 0.0125
13 0.95390625 0.659375 0.046875 0.0125
19 0.9921875 0.678125 0.015625 0.015625
19 0.9546875 0.69765625 0.078125 0.0140625
6 0.66015625 0.69609375 0.0265625 0.0125
7 0.81328125 0.678125 0.0453125 0.015625
4 0.903125 0.90546875 0.028125 0.0125
4 0.903125 0.92421875 0.0296875 0.0125
16 0.97734375 0.9453125 0.0453125 0.01875