4 0.2265625 0.04296875 0.034375 0.01875
4 0.228125 0.0640625 0.0328125 0.025
18 0.47734375 0.00546875 0.0234375 0.0109375
16 0.31484375 0.0765625 0.059375 0.021875
17 0.91484375 0.0078125 0.0546875 0.015625
4 0.75390625 0.11328125 0.03125 0.0171875
4 0.7546875 0.13359375 0.0328125 0.0171875
16 0.84375 0.14453125 0.0609375 0.01875
4 0.18828125 0.38671875 0.0296875 0.0140625
19 0.11484375 0.41171875 0.0765625 0.0234375
19 0.028125 0.440625 0.05625 0.01875
19 0.396875 0.44609375 0.078125 0.01875
19 0.271875 0.478125 0.0765625 0.0203125
19 0.20078125 0.50546875 0.075 0.0203125
8 0.3234375 0.39296875 0.0484375 0.01875
6 0.21484375 0.42265625 0.0265625 0.015625
0 0.13515625 0.44921875 0.0171875 0.0171875
13 0.1890625 0.46640625 0.046875 0.0171875
7 0.0515625 0.4984375 0.0484375 0.01875
17 0.32734375 0.615625 0.0515625 0.0203125
17 0.4234375 0.62734375 0.05625 0.01875
18 0.4265625 0.68828125 0.0578125 0.0203125
4 0.16171875 0.73359375 0.0328125 0.0140625
16 0.27421875 0.76328125 0.059375 0.0234375
11 0.55 0.43359375 0.121875 0.0265625
3 0.721875 0.4171875 0.03125 0.0171875
5 0.84453125 0.40625 0.025 0.0140625
10 0.52421875 0.45625 0.0640625 0.0171875
12 0.66640625 0.44296875 0.04375 0.01875
1 0.50390625 0.50234375 0.0296875 0.0203125
4 0.7359375 0.53828125 0.03125 0.0171875
19 0.6625 0.56640625 0.0765625 0.0203125
8 0.8703125 0.54765625 0.053125 0.021875
19 0.56875 0.5953125 0.078125 0.01875
6 0.76171875 0.575 0.0265625 0.015625
19 0.50234375 0.625 0.0265625 0.01875
0 0.6828125 0.603125 0.01875 0.015625
13 0.734375 0.62109375 0.046875 0.01875
19 0.94140625 0.59921875 0.0796875 0.0234375
7 0.6 0.65234375 0.0515625 0.021875
19 0.81953125 0.6328125 0.075 0.021875
19 0.7484375 0.659375 0.075 0.021875
17 0.87421875 0.76953125 0.0515625 0.021875
17 0.96796875 0.7796875 0.0546875 0.01875
18 0.9703125 0.83984375 0.059375 0.0171875
4 0.709375 0.8875 0.0375 0.0171875
4 0.71015625 0.90625 0.0296875 0.015625
16 0.8234375 0.91640625 0.0625 0.021875