2 0.2875 0.090625 0.0765625 0.01875
11 0.56484375 0.0859375 0.125 0.0140625
3 0.7328125 0.08359375 0.02734375 0.0125
5 0.85234375 0.0828125 0.01796875 0.0140625
15 0.4703125 0.10546875 0.02265625 0.009375
10 0.54296875 0.10546875 0.06171875 0.015625
12 0.6796875 0.10390625 0.04765625 0.01328125
5 0.45625 0.125 0.01640625 0.0125
1 0.49375 0.14453125 0.0828125 0.01484375
9 0.45546875 0.203125 0.0140625 0.0140625
4 0.73671875 0.203125 0.03046875 0.0125
14 0.4671875 0.22421875 0.05 0.0140625
19 0.6640625 0.2234375 0.071875 0.01328125
8 0.8609375 0.22109375 0.04921875 0.01484375
19 0.5703125 0.24296875 0.0703125 0.01171875
19 0.48125 0.2625 0.07265625 0.0125
19 0.9265625 0.28359375 0.0734375 0.01484375
19 0.80546875 0.30390625 0.06953125 0.01328125
19 0.7359375 0.32265625 0.07109375 0.0109375
6 0.75703125 0.24296875 0.0234375 0.0109375
0 0.67890625 0.2625 0.015625 0.0125
4 0.47421875 0.2828125 0.028125 0.0125
13 0.72890625 0.2828125 0.04375 0.0125
7 0.59453125 0.303125 0.04609375 0.0140625
17 0.84375 0.44453125 0.05234375 0.01328125
17 0.93359375 0.46484375 0.05 0.0171875
18 0.93359375 0.52578125 0.05390625 0.0140625
4 0.6734375 0.54296875 0.0296875 0.01171875
4 0.67421875 0.5640625 0.0296875 0.01171875
16 0.77890625 0.5859375 0.05703125 0.0140625