18 0.42734375 0.05078125 0.0578125 0.0171875
4 0.159375 0.059375 0.0328125 0.015625
4 0.159375 0.078125 0.0328125 0.0140625
16 0.26640625 0.1046875 0.059375 0.01875
18 0.63046875 0.196875 0.053125 0.021875
19 0.15546875 0.41328125 0.0765625 0.0171875
19 0.03359375 0.4265625 0.0671875 0.01875
17 0.065625 0.57265625 0.0546875 0.015625
17 0.1578125 0.59609375 0.0578125 0.015625
18 0.15078125 0.65390625 0.05625 0.0171875
16 0.009375 0.7078125 0.01875 0.015625
2 0.80390625 0.4546875 0.0828125 0.0265625
5 0.5859375 0.434375 0.0171875 0.015625
8 0.58984375 0.575 0.0421875 0.01875
19 0.65390625 0.640625 0.078125 0.0171875
17 0.57890625 0.796875 0.0203125 0.015625
17 0.6546875 0.821875 0.0546875 0.015625
18 0.65078125 0.88125 0.0578125 0.015625