11 0.5546875 0.08671875 0.125 0.015625
3 0.71875 0.08515625 0.028125 0.0140625
5 0.85234375 0.0859375 0.0171875 0.01640625
15 0.453125 0.1078125 0.0234375 0.01171875
10 0.53359375 0.10703125 0.059375 0.0109375
12 0.684375 0.1046875 0.04375 0.01484375
5 0.43828125 0.1265625 0.015625 0.01640625
1 0.4859375 0.1453125 0.0828125 0.01484375
9 0.4375 0.20234375 0.01484375 0.0171875
4 0.7328125 0.20078125 0.03046875 0.0140625
14 0.4515625 0.221875 0.04609375 0.015625
19 0.65859375 0.22109375 0.07109375 0.015625
19 0.553125 0.240625 0.07265625 0.01328125
19 0.4640625 0.25859375 0.071875 0.01328125
8 0.853125 0.21953125 0.04609375 0.01484375
6 0.7375 0.2390625 0.02265625 0.0109375
0 0.6734375 0.2578125 0.01640625 0.0125
13 0.7328125 0.27578125 0.0484375 0.0140625
6 0.44140625 0.31640625 0.0265625 0.0125
19 0.92734375 0.275 0.071875 0.0125
19 0.79921875 0.29453125 0.071875 0.0125
19 0.73359375 0.31484375 0.071875 0.0140625
17 0.8453125 0.42890625 0.053125 0.0140625
17 0.94140625 0.4484375 0.0546875 0.01328125
18 0.93984375 0.5046875 0.05859375 0.015625
4 0.68671875 0.52421875 0.028125 0.01328125
4 0.6890625 0.54453125 0.03203125 0.0125
16 0.76796875 0.56328125 0.059375 0.015625
7 0.5921875 0.296875 0.0453125 0.01640625
2 0.259375 0.0921875 0.0765625 0.02421875
4 0.459375 0.278125 0.02578125 0.0125