2 0.7140625 0.08671875 0.0859375 0.0265625
5 0.02109375 0.12421875 0.02265625 0.0203125
5 0.4796875 0.08125 0.02265625 0.01796875
3 0.3328125 0.0828125 0.03359375 0.0140625
4 0.353125 0.2046875 0.03671875 0.01171875
19 0.26875 0.225 0.084375 0.015625
19 0.153125 0.24609375 0.0765625 0.0140625
19 0.56953125 0.28203125 0.07890625 0.015625
19 0.428125 0.3046875 0.08671875 0.01484375
17 0.478125 0.446875 0.05546875 0.02109375
17 0.5859375 0.4671875 0.0546875 0.015625
4 0.303125 0.5484375 0.03125 0.01640625
4 0.30390625 0.56875 0.03359375 0.015625
16 0.390625 0.58828125 0.05859375 0.0203125
11 0.1515625 0.0828125 0.140625 0.0203125
15 0.04140625 0.10546875 0.02890625 0.01796875
10 0.12890625 0.1046875 0.06953125 0.0171875
12 0.29609375 0.1046875 0.05234375 0.01875
1 0.078125 0.14609375 0.0921875 0.0203125
14 0.04296875 0.2265625 0.04921875 0.01875
4 0.053125 0.28984375 0.0296875 0.01484375
13 0.353125 0.28671875 0.05234375 0.01796875
19 0.05546875 0.26796875 0.07578125 0.0171875
8 0.4828125 0.22421875 0.05234375 0.01875
7 0.1953125 0.3046875 0.05703125 0.01875
6 0.0328125 0.328125 0.03671875 0.01484375
19 0.3546875 0.32578125 0.0828125 0.01640625
18 0.5828125 0.52890625 0.05390625 0.0171875
0 0.28671875 0.265625 0.0203125 0.02109375
9 0.02578125 0.20703125 0.021875 0.01796875