14 0.04375 0.1015625 0.053125 0.01875
1 0.0734375 0.0109375 0.1015625 0.021875
4 0.40078125 0.0578125 0.0359375 0.0171875
19 0.28046875 0.0875 0.0875 0.01875
8 0.51640625 0.07421875 0.053125 0.0203125
19 0.171875 0.1125 0.0921875 0.021875
6 0.39921875 0.09921875 0.0296875 0.015625
19 0.0625 0.140625 0.0859375 0.01875
0 0.31171875 0.12578125 0.021875 0.015625
4 0.05390625 0.16171875 0.03125 0.015625
13 0.39765625 0.14296875 0.0515625 0.0171875
19 0.609375 0.13359375 0.0875 0.0203125
19 0.47421875 0.16171875 0.0921875 0.021875
19 0.38125 0.18984375 0.0890625 0.01875
7 0.19921875 0.17578125 0.053125 0.01875
6 0.03515625 0.20859375 0.028125 0.0140625
17 0.5015625 0.315625 0.065625 0.01875
17 0.16015625 0.3765625 0.0625 0.01875
18 0.271875 0.43125 0.0609375 0.0140625
4 0.371875 0.44765625 0.0359375 0.015625
9 0.02734375 0.0796875 0.021875 0.01875
19 0.74375 0.08984375 0.0828125 0.025
13 0.83515625 0.14296875 0.0515625 0.0171875
19 0.8390625 0.184375 0.08125 0.025
16 0.8984375 0.44375 0.0625 0.01875
4 0.83046875 0.059375 0.0390625 0.0171875
8 0.96640625 0.07109375 0.053125 0.0234375
7 0.6953125 0.17109375 0.0125 0.0234375
19 0.91171875 0.15703125 0.084375 0.0203125
17 0.9734375 0.29765625 0.053125 0.0234375
4 0.8 0.4078125 0.0375 0.0203125
4 0.8 0.428125 0.034375 0.0171875
6 0.83828125 0.10078125 0.0328125 0.021875
0 0.7671875 0.12578125 0.025 0.021875
9 0.38203125 0.4609375 0.0171875 0.003125
14 0.39453125 0.47421875 0.0484375 0.0171875
19 0.590625 0.46328125 0.071875 0.0078125
19 0.49921875 0.48671875 0.071875 0.015625
19 0.41171875 0.5125 0.075 0.0171875
19 0.66171875 0.5546875 0.0546875 0.01875
6 0.68203125 0.471875 0.0140625 0.015625
0 0.61015625 0.496875 0.0203125 0.0140625
4 0.40625 0.53203125 0.03125 0.015625
13 0.6625 0.515625 0.0484375 0.0171875
7 0.528125 0.54453125 0.046875 0.0171875
6 0.39140625 0.57265625 0.0328125 0.01875
4 0.62421875 0.77890625 0.028125 0.0140625
4 0.62890625 0.8 0.034375 0.0125
4 0.9734375 0.60546875 0.0265625 0.0125
4 0.975 0.62578125 0.0328125 0.0125