17 0.02109375 0.12109375 0.0421875 0.0203125
17 0.12421875 0.1390625 0.0671875 0.01875
18 0.11796875 0.20390625 0.0625 0.021875
19 0.85078125 0.00625 0.0859375 0.0125
17 0.96796875 0.13515625 0.0640625 0.0171875
17 0.634375 0.190625 0.0609375 0.0203125
18 0.746875 0.24765625 0.0734375 0.0203125
4 0.77734375 0.27265625 0.034375 0.01875
4 0.778125 0.29296875 0.0390625 0.01875
16 0.91640625 0.309375 0.06875 0.0171875
17 0.22421875 0.65859375 0.053125 0.0171875
18 0.22265625 0.71796875 0.0578125 0.0171875
16 0.071875 0.7859375 0.059375 0.0203125