2 0.1828125 0.07265625 0.0875 0.0296875
11 0.509375 0.065625 0.14765625 0.01640625
3 0.7078125 0.0640625 0.03671875 0.01875
5 0.8484375 0.0640625 0.02265625 0.01484375
15 0.39921875 0.08671875 0.02578125 0.015625
12 0.64609375 0.08671875 0.04921875 0.01796875
5 0.38203125 0.10703125 0.0171875 0.01484375
1 0.42734375 0.12890625 0.09140625 0.01875
9 0.38125 0.19140625 0.021875 0.01796875
4 0.7109375 0.1921875 0.0359375 0.015625
14 0.39609375 0.2140625 0.053125 0.015625
19 0.62578125 0.21328125 0.0875 0.01953125
19 0.51796875 0.23515625 0.0859375 0.01640625
19 0.4109375 0.25625 0.08828125 0.01875
19 0.93671875 0.278125 0.08515625 0.01796875
19 0.79140625 0.29921875 0.084375 0.0171875
19 0.71171875 0.3203125 0.084375 0.01875
8 0.86015625 0.2125 0.05859375 0.02109375
6 0.7375 0.23359375 0.0328125 0.01640625
6 0.38125 0.31875 0.03203125 0.01484375
0 0.64296875 0.2546875 0.0203125 0.01875
13 0.703125 0.278125 0.0546875 0.01796875
7 0.54609375 0.29921875 0.05859375 0.01875
17 0.840625 0.44921875 0.0625 0.01875
17 0.94609375 0.4703125 0.0625 0.021875
18 0.94296875 0.53515625 0.06015625 0.01875
4 0.63984375 0.55546875 0.03515625 0.015625
4 0.640625 0.57734375 0.03203125 0.01484375
16 0.7640625 0.5984375 0.06953125 0.01484375
10 0.48359375 0.0875 0.06875 0.01796875