2 0.39296875 0.0296875 0.096875 0.034375
3 0.01015625 0.04765625 0.0203125 0.0203125
5 0.14296875 0.03671875 0.028125 0.015625
4 0.0171875 0.17421875 0.034375 0.0171875
19 0.25 0.24140625 0.0921875 0.0234375
19 0.1078125 0.27421875 0.0921875 0.0234375
19 0.034375 0.3 0.06875 0.021875
8 0.16796875 0.18359375 0.059375 0.021875
6 0.04609375 0.21484375 0.03125 0.0171875
13 0.01953125 0.2578125 0.0390625 0.01875
17 0.16953125 0.41875 0.0671875 0.0203125
17 0.27734375 0.43125 0.065625 0.021875
18 0.2765625 0.4953125 0.0609375 0.021875
19 0.8140625 0.003125 0.071875 0.00625
19 0.72265625 0.02265625 0.0734375 0.0171875
0 0.921875 0.01015625 0.0140625 0.015625
4 0.71796875 0.04140625 0.03125 0.0140625
13 0.97421875 0.0265625 0.0421875 0.0140625
7 0.8390625 0.05546875 0.04375 0.015625
6 0.70078125 0.08359375 0.028125 0.0140625
19 0.975 0.0671875 0.05 0.01875
4 0.934375 0.2921875 0.0328125 0.015625
4 0.9328125 0.3109375 0.028125 0.0140625
17 0.5515625 0.55234375 0.05625 0.0203125
17 0.62734375 0.56640625 0.0234375 0.0171875
18 0.62890625 0.62421875 0.0203125 0.0171875
4 0.38671875 0.6640625 0.0296875 0.015625
4 0.38828125 0.6828125 0.03125 0.0140625
16 0.49453125 0.696875 0.05625 0.0171875
19 0.66015625 0.6203125 0.0421875 0.01875
17 0.6671875 0.80390625 0.05625 0.0203125
18 0.66796875 0.8640625 0.0578125 0.01875