4 0.2140625 0.071875 0.0359375 0.015625
19 0.13125 0.09453125 0.084375 0.01875
19 0.03515625 0.12109375 0.0703125 0.0234375
19 0.29921875 0.175 0.084375 0.0171875
19 0.2203125 0.19765625 0.0859375 0.01875
19 0.43828125 0.14921875 0.0890625 0.0203125
8 0.3609375 0.08828125 0.0546875 0.021875
6 0.2421875 0.11328125 0.0328125 0.0171875
0 0.15 0.13671875 0.0203125 0.0171875
13 0.209375 0.1578125 0.053125 0.01875
7 0.0578125 0.1828125 0.05625 0.01875
17 0.3515625 0.3234375 0.059375 0.0171875
17 0.45703125 0.3390625 0.0625 0.01875
18 0.453125 0.403125 0.059375 0.01875
4 0.16328125 0.4359375 0.0375 0.015625
4 0.84609375 0.0828125 0.0390625 0.0203125
4 0.8453125 0.103125 0.0375 0.01875
16 0.96875 0.1234375 0.0625 0.021875
4 0.496875 0.4578125 0.034375 0.015625
14 0.1625 0.49453125 0.053125 0.0171875
9 0.146875 0.471875 0.01875 0.015625
19 0.38203125 0.48671875 0.084375 0.0171875
19 0.28125 0.509375 0.0875 0.0171875
19 0.1765625 0.5359375 0.078125 0.0171875
19 0.47734375 0.59140625 0.0828125 0.0171875
6 0.4953125 0.5015625 0.028125 0.0140625
0 0.41328125 0.52578125 0.015625 0.015625
4 0.16796875 0.55703125 0.03125 0.015625
13 0.49375 0.5453125 0.046875 0.01875
7 0.3078125 0.57265625 0.053125 0.0203125
6 0.15 0.6015625 0.03125 0.015625
17 0.26796875 0.77734375 0.0609375 0.01875
18 0.3765625 0.8328125 0.0609375 0.01875
4 0.4671875 0.85 0.03125 0.0140625
4 0.45234375 0.8734375 0.034375 0.015625
4 0.7203125 0.4734375 0.034375 0.01875
19 0.5984375 0.49765625 0.0859375 0.0171875
19 0.528125 0.521875 0.01875 0.01875
19 0.92890625 0.55625 0.084375 0.01875
19 0.7953125 0.58203125 0.09375 0.0234375
19 0.6984375 0.60625 0.090625 0.0203125
8 0.83671875 0.4921875 0.0546875 0.01875
6 0.7171875 0.51640625 0.0296875 0.0171875
0 0.6296875 0.5390625 0.0234375 0.0171875
13 0.71484375 0.559375 0.053125 0.0203125
7 0.53125 0.5875 0.025 0.01875
17 0.8125 0.740625 0.06875 0.0203125
18 0.5796875 0.84921875 0.0671875 0.0171875
4 0.678125 0.86875 0.0390625 0.0140625
4 0.6609375 0.89296875 0.0375 0.0140625
16 0.76015625 0.91328125 0.0703125 0.01875