2 0.771875 0.08671875 0.07734375 0.0265625
11 0.184375 0.0859375 0.1546875 0.01796875
3 0.38203125 0.0859375 0.034375 0.02109375
5 0.53046875 0.08515625 0.01796875 0.01796875
5 0.05859375 0.1265625 0.01484375 0.01484375
15 0.075 0.109375 0.0265625 0.01328125
10 0.16953125 0.10859375 0.0703125 0.015625
12 0.33359375 0.10859375 0.0515625 0.01484375
1 0.10234375 0.14921875 0.096875 0.015625
9 0.05859375 0.21484375 0.01640625 0.01484375
4 0.415625 0.21328125 0.0328125 0.0125
4 0.0796875 0.30078125 0.0328125 0.015625
14 0.06484375 0.2390625 0.034375 0.015625
19 0.29921875 0.23828125 0.0859375 0.01484375
19 0.1921875 0.25859375 0.0890625 0.01875
19 0.08515625 0.278125 0.08203125 0.01640625
19 0.615625 0.3015625 0.08359375 0.0171875
19 0.48203125 0.321875 0.08984375 0.01484375
19 0.38984375 0.34453125 0.0859375 0.01796875
8 0.52265625 0.2359375 0.03828125 0.0171875
6 0.41015625 0.2578125 0.03046875 0.01328125
6 0.0578125 0.34296875 0.03125 0.015625
0 0.32578125 0.27890625 0.01796875 0.0171875
13 0.4109375 0.29921875 0.05078125 0.01640625
7 0.21875 0.321875 0.0515625 0.0171875
17 0.5 0.4765625 0.0625 0.01796875
17 0.1703125 0.5203125 0.06328125 0.01796875
18 0.278125 0.58203125 0.0609375 0.015625
4 0.30703125 0.6015625 0.03203125 0.01484375
4 0.30859375 0.621875 0.03359375 0.0171875
16 0.4484375 0.6453125 0.0671875 0.0140625