4 0.23515625 0.24453125 0.0328125 0.021875
4 0.234375 0.265625 0.034375 0.0203125
19 0.29453125 0.00859375 0.0890625 0.0171875
17 0.4328125 0.128125 0.0609375 0.0234375
17 0.51875 0.1421875 0.021875 0.01875
18 0.51796875 0.20859375 0.0234375 0.0203125
16 0.3609375 0.2828125 0.06875 0.0234375
4 0.99609375 0.1671875 0.0078125 0.01875
11 0.2328125 0.5203125 0.1578125 0.03125
3 0.4390625 0.50859375 0.0375 0.0171875
5 0.10078125 0.56875 0.021875 0.015625
15 0.1171875 0.54609375 0.03125 0.01875
10 0.20859375 0.54296875 0.0734375 0.0171875
12 0.37421875 0.53203125 0.0515625 0.015625
1 0.14609375 0.5875 0.0984375 0.0234375
9 0.10234375 0.6546875 0.01875 0.0171875
4 0.44921875 0.63671875 0.034375 0.01875
4 0.13203125 0.73671875 0.040625 0.0203125
4 0.39140625 0.99609375 0.0390625 0.0078125
14 0.11875 0.675 0.059375 0.01875
19 0.35859375 0.66171875 0.0890625 0.0203125
19 0.24765625 0.68828125 0.090625 0.0203125
19 0.1359375 0.715625 0.090625 0.0234375
19 0.51171875 0.7390625 0.0359375 0.021875
19 0.45546875 0.76484375 0.090625 0.021875
6 0.47734375 0.67734375 0.03125 0.015625
6 0.109375 0.78203125 0.0328125 0.01875
0 0.3828125 0.70390625 0.025 0.01875
13 0.44296875 0.721875 0.05625 0.01875
7 0.28125 0.75234375 0.05625 0.0234375
4 0.95546875 0.68515625 0.0265625 0.0140625
4 0.959375 0.70625 0.034375 0.0125