4 0.04609375 0.0640625 0.0390625 0.01875
4 0.00859375 0.43125 0.0171875 0.015625
4 0.00859375 0.4515625 0.0171875 0.015625
19 0.28359375 0.134375 0.09375 0.0234375
19 0.13984375 0.16484375 0.0875 0.021875
19 0.05546875 0.19140625 0.0859375 0.0171875
8 0.2 0.0765625 0.0578125 0.0203125
6 0.07734375 0.10390625 0.0328125 0.01875
13 0.04375 0.14921875 0.059375 0.0203125
17 0.1984375 0.3125 0.0640625 0.0203125
17 0.30859375 0.32734375 0.065625 0.01875
18 0.3078125 0.390625 0.0671875 0.0171875
11 0.03671875 0.4875 0.0734375 0.021875
3 0.1859375 0.4765625 0.034375 0.0140625
5 0.31171875 0.47109375 0.0203125 0.0125
10 0.0109375 0.50859375 0.021875 0.0171875
12 0.12734375 0.50078125 0.04375 0.0140625
4 0.196875 0.5984375 0.03125 0.015625
19 0.11953125 0.62265625 0.0765625 0.01875
8 0.328125 0.6109375 0.0484375 0.0140625
19 0.03125 0.646875 0.0625 0.015625
19 0.275 0.6953125 0.075 0.015625
19 0.39609375 0.6671875 0.0671875 0.015625
19 0.20390625 0.7203125 0.075 0.01875
6 0.221875 0.6359375 0.028125 0.0140625
0 0.13984375 0.66171875 0.01875 0.015625
13 0.1921875 0.678125 0.0453125 0.0140625
7 0.05390625 0.70546875 0.0484375 0.0171875
17 0.32578125 0.834375 0.053125 0.0171875
17 0.4125 0.84921875 0.034375 0.0171875
18 0.4109375 0.90859375 0.0375 0.0171875
4 0.15625 0.9453125 0.0328125 0.015625
4 0.15859375 0.9640625 0.0328125 0.0140625
16 0.26796875 0.97890625 0.059375 0.01875
4 0.5890625 0.4640625 0.03125 0.009375
7 0.71328125 0.475 0.046875 0.0140625
19 0.9234375 0.465625 0.071875 0.0125
19 0.85703125 0.48828125 0.071875 0.015625
6 0.5734375 0.50078125 0.0265625 0.0140625
17 0.9734375 0.603125 0.05 0.015625
4 0.80703125 0.71171875 0.028125 0.0125
4 0.80703125 0.73203125 0.028125 0.0125
16 0.91640625 0.74765625 0.059375 0.0203125