11 0.0359375 0.07265625 0.071875 0.0234375
3 0.19375 0.0640625 0.0359375 0.015625
5 0.334375 0.05859375 0.01875 0.0140625
12 0.12890625 0.08515625 0.05 0.0171875
4 0.203125 0.19296875 0.034375 0.01875
19 0.11640625 0.21640625 0.0828125 0.01875
19 0.02578125 0.2421875 0.0515625 0.01875
19 0.4296875 0.26875 0.084375 0.01875
19 0.2875 0.296875 0.0875 0.01875
19 0.20703125 0.31875 0.08125 0.01875
8 0.35078125 0.209375 0.05625 0.021875
6 0.22890625 0.2328125 0.0296875 0.015625
0 0.1375 0.25703125 0.0234375 0.015625
13 0.19765625 0.2765625 0.05625 0.0234375
7 0.04140625 0.303125 0.0578125 0.015625
17 0.34140625 0.44453125 0.059375 0.0203125
17 0.4453125 0.45703125 0.0640625 0.01875
4 0.146875 0.5546875 0.034375 0.015625
4 0.14765625 0.5765625 0.0390625 0.015625
16 0.2703125 0.59296875 0.06875 0.0140625
18 0.44609375 0.52421875 0.065625 0.0203125
4 0.62890625 0.05859375 0.03125 0.0125
0 0.71953125 0.1234375 0.0171875 0.0125
19 0.53359375 0.16328125 0.0296875 0.0140625
19 0.5890625 0.17890625 0.078125 0.015625
17 0.553125 0.32578125 0.05625 0.015625
18 0.56171875 0.37734375 0.0625 0.015625
4 0.63359375 0.40859375 0.03125 0.0140625
16 0.73984375 0.425 0.0578125 0.015625
19 0.7421875 0.075 0.08125 0.0203125
12 0.00546875 0.6109375 0.0109375 0.021875
4 0.059375 0.715625 0.0359375 0.015625
19 0.009375 0.7375 0.01875 0.01875
19 0.14453125 0.81875 0.084375 0.0171875
19 0.065625 0.84140625 0.0859375 0.01875
19 0.28359375 0.79296875 0.0890625 0.0203125
8 0.20625 0.73203125 0.0546875 0.021875
6 0.0875 0.75703125 0.0328125 0.0171875
0 0.00234375 0.78046875 0.0046875 0.0171875
13 0.0546875 0.8015625 0.053125 0.01875
17 0.196875 0.9671875 0.059375 0.0171875
17 0.30234375 0.9828125 0.0625 0.01875
2 0.953125 0.64296875 0.0921875 0.0328125
3 0.5796875 0.6484375 0.0375 0.015625
5 0.72109375 0.64453125 0.0234375 0.015625
12 0.5296875 0.671875 0.021875 0.021875
4 0.5890625 0.7765625 0.0359375 0.015625
19 0.53359375 0.7984375 0.0296875 0.01875
19 0.67421875 0.8796875 0.084375 0.0171875
19 0.5953125 0.90234375 0.0859375 0.01875
19 0.81328125 0.85390625 0.0890625 0.0203125
8 0.7359375 0.79296875 0.0546875 0.021875
6 0.6171875 0.81796875 0.0328125 0.0171875
0 0.5265625 0.84140625 0.015625 0.0171875
13 0.584375 0.8625 0.053125 0.01875