2 0.7375 0.06640625 0.096875 0.034375
11 0.15390625 0.0578125 0.15390625 0.0171875
3 0.35390625 0.06171875 0.03828125 0.01953125
5 0.49453125 0.06171875 0.028125 0.01953125
15 0.04375 0.08359375 0.0265625 0.015625
10 0.12734375 0.0828125 0.07109375 0.01796875
12 0.2875 0.0828125 0.05234375 0.01953125
5 0.02890625 0.10703125 0.01875 0.0171875
1 0.06953125 0.1265625 0.0953125 0.01796875
9 0.0265625 0.1921875 0.0203125 0.01796875
4 0.36015625 0.19140625 0.034375 0.01875
14 0.04375 0.21328125 0.05 0.01640625
19 0.27109375 0.2109375 0.0890625 0.01796875
19 0.1625 0.234375 0.08828125 0.01796875
19 0.06015625 0.25625 0.08828125 0.01953125
19 0.58828125 0.275 0.09296875 0.021875
19 0.44453125 0.29765625 0.0890625 0.01875
19 0.3609375 0.31875 0.0890625 0.01953125
8 0.5078125 0.2109375 0.0546875 0.0203125
0 0.2921875 0.25390625 0.02421875 0.01875
6 0.38828125 0.23359375 0.0296875 0.015625
6 0.03203125 0.32109375 0.03046875 0.0171875
4 0.05390625 0.278125 0.03828125 0.01875
13 0.35390625 0.2765625 0.0546875 0.0171875
7 0.19609375 0.296875 0.05625 0.01953125
17 0.4921875 0.44921875 0.06484375 0.01953125
17 0.5984375 0.4671875 0.0625 0.01953125
18 0.59609375 0.5328125 0.06640625 0.021875
4 0.296875 0.55703125 0.03828125 0.01640625
4 0.296875 0.57734375 0.03828125 0.0171875
16 0.41875 0.59921875 0.0671875 0.0203125