4 0.05703125 0.02734375 0.0296875 0.0140625
19 0.25078125 0.1078125 0.0796875 0.0171875
19 0.1265625 0.13515625 0.0875 0.0171875
8 0.16640625 0.04765625 0.0484375 0.015625
6 0.05546875 0.07109375 0.0265625 0.0140625
13 0.05390625 0.115625 0.0421875 0.0125
19 0.03984375 0.16171875 0.0796875 0.0171875
17 0.14921875 0.2921875 0.059375 0.0171875
16 0.10546875 0.46328125 0.065625 0.0140625
19 0.8140625 0.01015625 0.084375 0.0203125
6 0.48984375 0.01875 0.0203125 0.015625
7 0.6484375 0.00234375 0.059375 0.0046875
17 0.94765625 0.134375 0.0625 0.0203125
4 0.75078125 0.24765625 0.0359375 0.0171875
4 0.75234375 0.26953125 0.0328125 0.015625
16 0.8765625 0.2859375 0.0703125 0.0171875
4 0.26171875 0.63828125 0.0359375 0.015625
16 0.38828125 0.65390625 0.0703125 0.0203125
11 0.58359375 0.6984375 0.1328125 0.0171875
3 0.7625 0.69140625 0.0296875 0.0171875
5 0.88828125 0.6859375 0.0171875 0.015625
15 0.4875 0.72265625 0.015625 0.0109375
10 0.5609375 0.71875 0.0625 0.0125
12 0.703125 0.71328125 0.04375 0.0125
1 0.51640625 0.7609375 0.0734375 0.015625
4 0.77109375 0.8125 0.0296875 0.0140625
14 0.4953125 0.84375 0.03125 0.015625
19 0.69375 0.834375 0.0765625 0.0140625
8 0.90390625 0.82734375 0.0484375 0.015625
19 0.5984375 0.85859375 0.0765625 0.0140625
6 0.79609375 0.8515625 0.025 0.0140625
19 0.51171875 0.88359375 0.0640625 0.0140625
0 0.71015625 0.87265625 0.01875 0.015625
4 0.49921875 0.903125 0.0328125 0.0140625
13 0.76484375 0.89375 0.0453125 0.0140625
19 0.9671875 0.88515625 0.065625 0.0171875
7 0.62734375 0.91796875 0.046875 0.015625
19 0.846875 0.91015625 0.0734375 0.0171875
19 0.775 0.9328125 0.0734375 0.015625
6 0.48671875 0.9453125 0.0140625 0.0125