19 0.3046875 0.003125 0.078125 0.00625
19 0.5796875 0.078125 0.040625 0.01875
0 0.54140625 0.0078125 0.0171875 0.015625
4 0.2953125 0.01796875 0.03125 0.0171875
7 0.4328125 0.0453125 0.053125 0.0203125
6 0.2734375 0.06015625 0.03125 0.015625
17 0.37578125 0.2453125 0.0609375 0.0203125
18 0.478125 0.31015625 0.0609375 0.0203125
4 0.5671875 0.33515625 0.03125 0.0140625
4 0.55 0.35703125 0.034375 0.015625
4 0.7078125 0.084375 0.034375 0.0171875
19 0.6296875 0.1 0.059375 0.01875
19 0.91484375 0.17734375 0.0875 0.021875
19 0.77265625 0.1921875 0.0828125 0.025
19 0.6984375 0.20859375 0.078125 0.01875
13 0.69609375 0.165625 0.053125 0.0171875
4 0.62890625 0.42734375 0.0359375 0.0171875
4 0.63046875 0.44921875 0.034375 0.0203125
16 0.71484375 0.475 0.0640625 0.01875
8 0.83359375 0.11015625 0.053125 0.0234375
6 0.70390625 0.12265625 0.0265625 0.021875
17 0.81171875 0.33671875 0.059375 0.0203125
18 0.91015625 0.421875 0.053125 0.021875
0 0.63515625 0.140625 0.021875 0.021875
19 0.29921875 0.53671875 0.0859375 0.0140625
17 0.41953125 0.6703125 0.059375 0.01875
17 0.5234375 0.6953125 0.0625 0.0203125
18 0.51328125 0.75859375 0.0609375 0.0203125
4 0.221875 0.76640625 0.0375 0.015625
4 0.21953125 0.78671875 0.0359375 0.0171875
16 0.33984375 0.815625 0.06875 0.0203125
17 0.740625 0.63671875 0.059375 0.0171875
18 0.840625 0.70390625 0.0578125 0.01875
4 0.871875 0.72578125 0.0359375 0.015625
4 0.86875 0.74921875 0.034375 0.01875
16 0.98515625 0.7734375 0.0296875 0.01875