17 0.46015625 0.12890625 0.0578125 0.0171875
17 0.146875 0.16953125 0.059375 0.0171875
18 0.246875 0.23359375 0.05625 0.0171875
4 0.2765625 0.25234375 0.0328125 0.015625
4 0.27578125 0.27578125 0.034375 0.0140625
16 0.409375 0.296875 0.065625 0.0125
19 0.7015625 0.0078125 0.0875 0.015625
8 0.9390625 0.0078125 0.05625 0.015625
19 0.58984375 0.02734375 0.090625 0.01875
6 0.815625 0.02890625 0.0265625 0.01875
19 0.50625 0.046875 0.034375 0.015625
0 0.71953125 0.04921875 0.0203125 0.015625
13 0.78125 0.07109375 0.053125 0.015625
19 0.9859375 0.075 0.028125 0.01875
7 0.61796875 0.090625 0.0578125 0.0171875
19 0.86953125 0.09375 0.0875 0.01875
19 0.7890625 0.115625 0.090625 0.015625
17 0.91953125 0.24609375 0.0640625 0.01875
4 0.7140625 0.34921875 0.0359375 0.0171875
4 0.71171875 0.3703125 0.0375 0.01875
16 0.83828125 0.39375 0.078125 0.021875
9 0.2171875 0.46015625 0.0203125 0.015625
4 0.2390625 0.54296875 0.0375 0.0171875
14 0.23046875 0.48203125 0.0546875 0.0171875
19 0.45625 0.4859375 0.065625 0.01875
19 0.3546875 0.50546875 0.090625 0.021875
19 0.24609375 0.5234375 0.090625 0.0203125
6 0.21328125 0.584375 0.0328125 0.01875
0 0.48125 0.5265625 0.015625 0.01875
7 0.3828125 0.5671875 0.0546875 0.021875
4 0.4734375 0.82734375 0.03125 0.0203125
4 0.47265625 0.84765625 0.0328125 0.0171875
11 0.57578125 0.4765625 0.134375 0.0171875
3 0.75625 0.4796875 0.034375 0.0125
5 0.88359375 0.4796875 0.0171875 0.0125
10 0.553125 0.496875 0.0625 0.015625
12 0.696875 0.49921875 0.0421875 0.0140625
1 0.5140625 0.53515625 0.05 0.0140625
4 0.759375 0.6 0.03125 0.0140625
19 0.6796875 0.61875 0.0765625 0.0140625
8 0.89296875 0.621875 0.05 0.0171875
19 0.58125 0.6375 0.078125 0.0125
6 0.7828125 0.640625 0.025 0.0125
19 0.5078125 0.6578125 0.0375 0.015625
0 0.69609375 0.65859375 0.0171875 0.015625
4 0.49296875 0.6765625 0.0078125 0.0125
13 0.7515625 0.68046875 0.0515625 0.0125
19 0.96015625 0.68203125 0.0796875 0.0140625
7 0.60703125 0.69921875 0.05 0.0140625
19 0.83203125 0.7015625 0.078125 0.015625
19 0.75625 0.7203125 0.078125 0.0140625
17 0.87265625 0.84375 0.0546875 0.0140625
17 0.96796875 0.8640625 0.05625 0.0140625
18 0.96171875 0.9234375 0.0546875 0.015625
4 0.6921875 0.94140625 0.03125 0.0109375
4 0.6921875 0.9609375 0.0296875 0.0125
16 0.803125 0.98515625 0.0578125 0.0171875