19 0.16796875 0.0109375 0.0859375 0.021875
7 0.015625 0.00703125 0.03125 0.0140625
17 0.3078125 0.12578125 0.0625 0.0234375
4 0.11796875 0.24921875 0.0359375 0.01875
4 0.1203125 0.27109375 0.0328125 0.0171875
16 0.2453125 0.28125 0.0703125 0.0203125
2 0.80078125 0.0234375 0.078125 0.028125
3 0.459375 0.04453125 0.034375 0.0140625
5 0.584375 0.034375 0.021875 0.0140625
12 0.4015625 0.0703125 0.04375 0.015625
4 0.475 0.165625 0.0328125 0.015625
19 0.39765625 0.1921875 0.078125 0.0203125
8 0.60625 0.1734375 0.0484375 0.015625
19 0.55546875 0.26015625 0.075 0.01875
19 0.6796875 0.22734375 0.0734375 0.01875
19 0.48515625 0.2875 0.075 0.021875
6 0.50078125 0.20234375 0.028125 0.015625
0 0.4203125 0.23125 0.0203125 0.015625
13 0.471875 0.2453125 0.0453125 0.015625
7 0.34921875 0.278125 0.0203125 0.01875
17 0.61171875 0.39765625 0.053125 0.01875
17 0.709375 0.40859375 0.0578125 0.01875
18 0.71015625 0.46796875 0.059375 0.01875
4 0.44609375 0.5140625 0.034375 0.015625
4 0.4484375 0.53203125 0.0328125 0.015625
16 0.55859375 0.54375 0.059375 0.0203125
14 0.29375 0.659375 0.0578125 0.0203125
19 0.30390625 0.69921875 0.0703125 0.0234375
4 0.30703125 0.72109375 0.034375 0.0140625
9 0.275 0.63671875 0.0203125 0.021875
4 0.4421875 0.66640625 0.0296875 0.015625
19 0.37109375 0.690625 0.0640625 0.01875
8 0.575 0.6734375 0.05 0.0171875
6 0.46875 0.70390625 0.0265625 0.015625
0 0.384375 0.72890625 0.01875 0.0171875
13 0.440625 0.746875 0.046875 0.015625
19 0.6484375 0.728125 0.078125 0.0203125
19 0.52265625 0.759375 0.075 0.0203125
19 0.45234375 0.7859375 0.075 0.01875
17 0.5796875 0.89609375 0.053125 0.01875
17 0.67578125 0.9078125 0.05625 0.0171875
18 0.6765625 0.96875 0.0578125 0.01875