11 0.17265625 0.07109375 0.15625 0.01484375
2 0.7890625 0.08203125 0.0921875 0.025
3 0.3859375 0.0734375 0.040625 0.015625
5 0.53203125 0.07265625 0.02421875 0.0171875
15 0.05859375 0.0953125 0.02578125 0.01328125
10 0.1484375 0.09453125 0.07734375 0.01484375
12 0.315625 0.09609375 0.05078125 0.0140625
5 0.04140625 0.1171875 0.01875 0.015625
1 0.08671875 0.13671875 0.08828125 0.0140625
9 0.04296875 0.20078125 0.0203125 0.015625
4 0.3890625 0.2015625 0.0375 0.01328125
4 0.06796875 0.28671875 0.034375 0.01484375
14 0.05703125 0.22265625 0.05703125 0.0140625
19 0.29609375 0.221875 0.0875 0.015625
19 0.18203125 0.24296875 0.0859375 0.01484375
8 0.5421875 0.22109375 0.05625 0.0203125
6 0.415625 0.24296875 0.0328125 0.01640625
19 0.07578125 0.26328125 0.0890625 0.01796875
19 0.6234375 0.28359375 0.09375 0.02109375
19 0.47421875 0.3046875 0.0890625 0.0203125
19 0.38828125 0.32734375 0.0921875 0.0171875
0 0.31875 0.2625 0.02109375 0.01640625
13 0.37734375 0.284375 0.05625 0.01484375
7 0.215625 0.30546875 0.059375 0.0171875
6 0.0453125 0.32890625 0.034375 0.0140625
17 0.5265625 0.45625 0.06484375 0.0171875
17 0.6359375 0.478125 0.06484375 0.01796875
18 0.63046875 0.540625 0.06484375 0.01796875
4 0.3171875 0.5625 0.0390625 0.0140625
4 0.31640625 0.58359375 0.0375 0.015625
16 0.4453125 0.60625 0.07109375 0.0171875