11 0.01640625 0.090625 0.0328125 0.028125
3 0.1609375 0.07265625 0.0390625 0.0203125
5 0.30234375 0.05859375 0.028125 0.015625
12 0.09609375 0.10078125 0.0515625 0.0234375
4 0.1765625 0.2 0.0390625 0.0171875
19 0.0890625 0.22890625 0.090625 0.021875
19 0.0140625 0.2609375 0.028125 0.021875
19 0.27109375 0.29765625 0.0921875 0.025
19 0.18828125 0.325 0.090625 0.0234375
8 0.325 0.2046875 0.05 0.021875
6 0.209375 0.2390625 0.03125 0.0171875
0 0.11328125 0.2671875 0.0234375 0.021875
13 0.175 0.28359375 0.05625 0.0203125
7 0.02578125 0.31875 0.0515625 0.021875
17 0.32578125 0.440625 0.0484375 0.021875
4 0.48046875 0.0859375 0.034375 0.01875
4 0.48125 0.10625 0.0296875 0.01875
18 0.759375 0.03984375 0.05625 0.021875
16 0.57421875 0.1203125 0.0625 0.021875
17 0.1328125 0.578125 0.05625 0.01875
18 0.14453125 0.62890625 0.0640625 0.01875
4 0.04453125 0.65234375 0.03125 0.0140625
4 0.21796875 0.65625 0.0328125 0.015625
16 0.32265625 0.6671875 0.0546875 0.01875
19 0.54140625 0.525 0.075 0.021875
0 0.7484375 0.5125 0.01875 0.00625
4 0.5359375 0.54375 0.0328125 0.0171875
13 0.81015625 0.521875 0.0484375 0.0171875
7 0.67109375 0.55234375 0.046875 0.0171875
19 0.8796875 0.534375 0.075 0.0203125
19 0.81328125 0.5578125 0.0765625 0.0203125
6 0.52109375 0.58359375 0.0265625 0.0140625
17 0.9359375 0.665625 0.0546875 0.0203125
4 0.78359375 0.771875 0.03125 0.0171875
4 0.7859375 0.790625 0.0296875 0.015625
16 0.86640625 0.80546875 0.0578125 0.01875