8 0.090625 0.09765625 0.0578125 0.021875
19 0.17421875 0.15859375 0.0921875 0.021875
19 0.0359375 0.18515625 0.071875 0.0203125
17 0.08203125 0.33203125 0.0671875 0.0203125
17 0.18984375 0.34921875 0.065625 0.01875
18 0.1859375 0.41328125 0.0609375 0.0234375
16 0.02265625 0.48515625 0.0453125 0.0203125
4 0.590625 0.0125 0.03125 0.0140625
13 0.84453125 0.00625 0.0453125 0.0125
7 0.7125 0.028125 0.0421875 0.0171875
19 0.92109375 0.021875 0.071875 0.01875
6 0.571875 0.0515625 0.0265625 0.015625
19 0.853125 0.04375 0.071875 0.0171875
17 0.965625 0.1609375 0.0515625 0.0171875
4 0.79921875 0.26640625 0.028125 0.0140625
4 0.79921875 0.2859375 0.028125 0.0109375
16 0.90390625 0.30390625 0.0578125 0.01875
0 0.0734375 0.715625 0.0171875 0.015625
13 0.1296875 0.73515625 0.0515625 0.0125
19 0.33828125 0.725 0.08125 0.015625
7 0.00546875 0.76015625 0.0109375 0.0140625
19 0.2109375 0.7515625 0.078125 0.0171875
19 0.1359375 0.77421875 0.078125 0.015625
17 0.259375 0.89140625 0.0546875 0.0140625
17 0.35546875 0.90703125 0.05625 0.015625
18 0.35234375 0.96640625 0.0546875 0.015625
4 0.0828125 0.99609375 0.03125 0.0078125
9 0.82265625 0.71796875 0.0140625 0.0125
14 0.83671875 0.7375 0.0484375 0.0140625
19 0.94140625 0.75546875 0.075 0.015625
19 0.85234375 0.7765625 0.078125 0.0140625
4 0.8453125 0.79609375 0.03125 0.0171875
7 0.96953125 0.8125 0.046875 0.0171875
6 0.8265625 0.8359375 0.025 0.0125