11 0.1578125 0.06953125 0.15625 0.01875
3 0.36484375 0.06875 0.0359375 0.0171875
5 0.5109375 0.06953125 0.01953125 0.0203125
5 0.0265625 0.1140625 0.021875 0.0203125
15 0.04375 0.09296875 0.02734375 0.01328125
12 0.296875 0.09140625 0.04609375 0.015625
2 0.76171875 0.0765625 0.0953125 0.02734375
1 0.0703125 0.13515625 0.09453125 0.0203125
9 0.02734375 0.19921875 0.02109375 0.01875
4 0.36796875 0.19609375 0.03828125 0.0171875
4 0.30234375 0.56015625 0.0375 0.01328125
4 0.3 0.58046875 0.0375 0.0140625
14 0.04296875 0.2203125 0.0546875 0.01484375
19 0.2796875 0.21796875 0.090625 0.0140625
19 0.1671875 0.23828125 0.0921875 0.0171875
19 0.0609375 0.26171875 0.090625 0.0171875
19 0.6015625 0.278125 0.0921875 0.01875
19 0.45625 0.3015625 0.0875 0.0171875
19 0.37109375 0.3234375 0.0859375 0.01328125
8 0.52109375 0.21640625 0.05625 0.0171875
6 0.396875 0.2375 0.03125 0.01640625
0 0.29921875 0.26015625 0.02421875 0.01875
4 0.05625 0.28359375 0.03828125 0.01640625
13 0.3609375 0.28046875 0.0578125 0.0171875
7 0.19921875 0.3015625 0.0578125 0.01875
6 0.0328125 0.32421875 0.02890625 0.01484375
17 0.50703125 0.4515625 0.06328125 0.0171875
17 0.61640625 0.47265625 0.06484375 0.01484375
18 0.6125 0.5359375 0.06640625 0.01328125
16 0.4296875 0.60234375 0.0671875 0.0140625
10 0.13359375 0.09140625 0.07578125 0.015625