2 0.27890625 0.1 0.07734375 0.02265625
11 0.5671875 0.096875 0.125 0.015625
3 0.7296875 0.096875 0.03046875 0.01328125
5 0.86328125 0.09609375 0.01796875 0.01328125
15 0.46484375 0.115625 0.0234375 0.0125
10 0.5453125 0.11484375 0.05859375 0.0140625
12 0.69609375 0.115625 0.04140625 0.015625
5 0.44921875 0.13359375 0.02109375 0.01484375
1 0.4953125 0.15390625 0.0859375 0.0140625
9 0.446875 0.20859375 0.0171875 0.015625
4 0.74140625 0.21015625 0.03203125 0.01328125
14 0.459375 0.22890625 0.04609375 0.015625
19 0.66640625 0.2296875 0.07109375 0.01484375
19 0.5609375 0.24921875 0.071875 0.015625
19 0.471875 0.26640625 0.07265625 0.01640625
6 0.74609375 0.2484375 0.02265625 0.0140625
8 0.8609375 0.22890625 0.04453125 0.0140625
0 0.68046875 0.2671875 0.015625 0.01328125
4 0.465625 0.28515625 0.02734375 0.01328125
13 0.73984375 0.2859375 0.04609375 0.01328125
19 0.9375 0.2859375 0.07421875 0.01640625
19 0.8078125 0.3046875 0.0734375 0.01484375
19 0.740625 0.32421875 0.07734375 0.0140625
6 0.44609375 0.32265625 0.0265625 0.01328125
7 0.59921875 0.3046875 0.0453125 0.01484375
17 0.85 0.4390625 0.053125 0.015625
17 0.94609375 0.45859375 0.053125 0.01484375
18 0.94296875 0.51640625 0.05625 0.0171875
4 0.6890625 0.53203125 0.02890625 0.0125
4 0.6890625 0.55078125 0.0296875 0.01328125
16 0.76875 0.57265625 0.05625 0.01796875