4 0.3375 0.17265625 0.03125 0.0140625
4 0.3390625 0.19296875 0.03125 0.0140625
15 0.665625 0.0171875 0.0234375 0.0125
10 0.74609375 0.01171875 0.059375 0.0140625
12 0.8953125 0.0046875 0.04375 0.009375
5 0.6515625 0.03671875 0.0171875 0.0171875
1 0.7 0.053125 0.0828125 0.01875
9 0.6546875 0.1125 0.015625 0.0171875
4 0.95 0.0953125 0.03125 0.015625
14 0.66953125 0.13125 0.046875 0.01875
19 0.8765625 0.11953125 0.071875 0.01875
19 0.77265625 0.14453125 0.0734375 0.0171875
19 0.684375 0.1671875 0.071875 0.0171875
6 0.95625 0.13359375 0.0234375 0.0125
0 0.89296875 0.15546875 0.0171875 0.0140625
13 0.95390625 0.1703125 0.0484375 0.0171875
6 0.66484375 0.22578125 0.0265625 0.0140625
19 0.9921875 0.184375 0.015625 0.015625
19 0.95625 0.209375 0.071875 0.0171875
4 0.9203125 0.4203125 0.028125 0.0140625
4 0.92421875 0.440625 0.0328125 0.0140625
16 0.98671875 0.4546875 0.0265625 0.01875
7 0.8140625 0.1984375 0.046875 0.01875
2 0.4703125 0.0125 0.078125 0.025
4 0.68046875 0.18671875 0.0265625 0.0140625
2 0.35390625 0.6609375 0.0296875 0.03125
19 0.1125 0.8984375 0.08125 0.015625
19 0.2578125 0.86875 0.0859375 0.0203125
19 0.040625 0.921875 0.078125 0.0234375
3 0.01171875 0.678125 0.0234375 0.01875
5 0.16171875 0.6734375 0.0171875 0.015625
4 0.03203125 0.80234375 0.0375 0.01875
13 0.03359375 0.88203125 0.0546875 0.01875
8 0.165625 0.81328125 0.0546875 0.01875
6 0.03828125 0.8390625 0.0328125 0.021875
16 0.41875 0.690625 0.0609375 0.015625