2 0.21328125 0.0859375 0.0859375 0.025
5 0.84609375 0.078125 0.015625 0.01953125
3 0.70234375 0.078125 0.03125 0.01953125
4 0.71796875 0.19609375 0.0328125 0.01328125
19 0.6390625 0.2171875 0.0765625 0.01328125
19 0.52578125 0.23671875 0.0828125 0.0140625
19 0.43125 0.2578125 0.078125 0.0140625
19 0.92890625 0.27578125 0.07578125 0.01484375
4 0.4234375 0.27734375 0.0328125 0.01328125
19 0.72109375 0.31484375 0.07890625 0.015625
4 0.6671875 0.53203125 0.03203125 0.01640625
4 0.6703125 0.55078125 0.03125 0.015625
16 0.75703125 0.56953125 0.06015625 0.01171875
18 0.9390625 0.5125 0.05078125 0.0171875
14 0.41484375 0.21875 0.05078125 0.0171875
11 0.52890625 0.08125 0.13515625 0.015625
15 0.42109375 0.10234375 0.025 0.01171875
15 0.50625 0.10234375 0.0671875 0.01171875
10 0.50703125 0.0953125 0.00078125 0.00234375
12 0.66484375 0.1 0.04609375 0.01640625
1 0.45390625 0.140625 0.09296875 0.01484375
8 0.85 0.215625 0.0515625 0.01796875
13 0.71953125 0.275 0.0515625 0.01328125
7 0.56953125 0.2953125 0.0515625 0.01640625
19 0.78984375 0.29453125 0.0765625 0.01328125
6 0.40546875 0.31640625 0.03125 0.0125
17 0.83984375 0.434375 0.053125 0.01796875
0 0.6578125 0.25546875 0.0234375 0.015625
6 0.72421875 0.23671875 0.03984375 0.01796875
9 0.403125 0.1984375 0.0203125 0.015625
5 0.40390625 0.1203125 0.021875 0.0171875