18 0.28359375 0.003125 0.0515625 0.00625
4 0.01953125 0.003125 0.0328125 0.00625
4 0.01875 0.01953125 0.034375 0.0140625
16 0.125 0.0453125 0.0625 0.0234375
17 0.53671875 0.04765625 0.0546875 0.0171875
17 0.63125 0.0734375 0.053125 0.0203125
18 0.62578125 0.1328125 0.059375 0.01875
4 0.35390625 0.1359375 0.03125 0.015625
4 0.35390625 0.1546875 0.0328125 0.015625
16 0.4625 0.18359375 0.0609375 0.021875
19 0.240625 0.40703125 0.0828125 0.0234375
19 0.11015625 0.4203125 0.0875 0.0203125
19 0.0328125 0.43671875 0.065625 0.0203125
13 0.03828125 0.39296875 0.0484375 0.0203125
17 0.11875 0.578125 0.0625 0.0171875
16 0.05078125 0.74375 0.065625 0.0203125
14 0.42109375 0.371875 0.0546875 0.00625
19 0.63828125 0.37890625 0.0828125 0.0203125
19 0.5390625 0.39296875 0.090625 0.0203125
19 0.434375 0.4125 0.0828125 0.025
19 0.94296875 0.46015625 0.0828125 0.0203125
19 0.8140625 0.4765625 0.084375 0.021875
19 0.72578125 0.49375 0.084375 0.0203125
8 0.86015625 0.3921875 0.0515625 0.0203125
6 0.74765625 0.4046875 0.028125 0.015625
6 0.403125 0.475 0.028125 0.0140625
0 0.66484375 0.4234375 0.015625 0.0140625
4 0.42421875 0.43125 0.03125 0.015625
13 0.74296875 0.45 0.046875 0.0203125
7 0.559375 0.46328125 0.0515625 0.0203125
17 0.8265625 0.634375 0.059375 0.021875
17 0.50625 0.659375 0.0625 0.0203125
18 0.6078125 0.72890625 0.065625 0.01875
4 0.6375 0.75078125 0.0375 0.01875
4 0.63515625 0.77109375 0.0375 0.015625
16 0.77109375 0.79921875 0.0734375 0.0203125