11 0.13984375 0.0875 0.13125 0.01328125
3 0.31875 0.0859375 0.03125 0.0140625
5 0.44375 0.0859375 0.01796875 0.01015625
15 0.04296875 0.10859375 0.021875 0.01171875
10 0.1203125 0.1078125 0.0609375 0.01015625
12 0.26015625 0.1078125 0.046875 0.0125
5 0.0296875 0.128125 0.02109375 0.01171875
1 0.06875 0.1484375 0.08046875 0.01484375
9 0.02734375 0.2078125 0.015625 0.01328125
4 0.32265625 0.2078125 0.0296875 0.01171875
14 0.0421875 0.22890625 0.05 0.01015625
19 0.24609375 0.22734375 0.075 0.0125
8 0.45390625 0.2265625 0.04375 0.0125
19 0.1515625 0.2484375 0.07734375 0.0140625
6 0.3453125 0.24765625 0.021875 0.01015625
19 0.05546875 0.26953125 0.075 0.0125
0 0.2640625 0.2671875 0.015625 0.0125
4 0.05 0.2890625 0.03125 0.01171875
13 0.31640625 0.28828125 0.0421875 0.00859375
19 0.52265625 0.28515625 0.07578125 0.0125
7 0.17734375 0.309375 0.046875 0.0125
19 0.39765625 0.30546875 0.0765625 0.0140625
6 0.03203125 0.33046875 0.0265625 0.01328125
19 0.32265625 0.32734375 0.07265625 0.01328125
17 0.440625 0.44921875 0.05390625 0.01328125
17 0.534375 0.46796875 0.05703125 0.01328125
18 0.53046875 0.52578125 0.05625 0.01484375
4 0.26328125 0.5484375 0.03203125 0.01171875
4 0.2640625 0.56796875 0.02734375 0.01328125
16 0.371875 0.5890625 0.06015625 0.01171875
2 0.66015625 0.090625 0.08359375 0.02109375