2 0.67109375 0.0890625 0.0828125 0.02265625
11 0.153125 0.08046875 0.1328125 0.0140625
3 0.3328125 0.078125 0.03203125 0.0140625
5 0.45625 0.0828125 0.01875 0.0125
15 0.053125 0.10234375 0.02265625 0.01171875
10 0.12890625 0.10078125 0.06484375 0.0125
12 0.271875 0.1015625 0.04375 0.01484375
5 0.0390625 0.12265625 0.01796875 0.01171875
1 0.07734375 0.140625 0.08125 0.0171875
9 0.040625 0.20234375 0.01484375 0.01171875
4 0.334375 0.2015625 0.034375 0.01015625
14 0.0515625 0.22265625 0.04140625 0.01171875
19 0.25703125 0.221875 0.075 0.01484375
8 0.465625 0.221875 0.04765625 0.01484375
19 0.1609375 0.24296875 0.07890625 0.0140625
6 0.3578125 0.2421875 0.02734375 0.01328125
19 0.065625 0.2640625 0.07109375 0.01171875
0 0.27421875 0.26171875 0.01640625 0.0140625
4 0.0625 0.2828125 0.03828125 0.01328125
13 0.32734375 0.28203125 0.04375 0.0109375
19 0.53203125 0.28125 0.07734375 0.015625
19 0.40703125 0.303125 0.07421875 0.0125
19 0.334375 0.3234375 0.07265625 0.015625
7 0.1890625 0.303125 0.046875 0.01640625
17 0.45 0.44375 0.05390625 0.015625
17 0.54609375 0.46328125 0.05703125 0.01484375
6 0.0421875 0.32265625 0.0265625 0.0140625
18 0.54296875 0.5234375 0.059375 0.0140625
4 0.275 0.54375 0.03203125 0.01328125
4 0.27578125 0.56484375 0.0328125 0.0125
16 0.38359375 0.58359375 0.06171875 0.01953125