4 0.22734375 0.0921875 0.0375 0.0140625
19 0.14140625 0.10625 0.0859375 0.021875
19 0.03203125 0.11875 0.0640625 0.01875
19 0.2953125 0.196875 0.0875 0.0203125
17 0.3328125 0.3421875 0.053125 0.025
4 0.153125 0.43125 0.0328125 0.01875
4 0.15234375 0.4515625 0.034375 0.0171875
16 0.2375 0.47734375 0.059375 0.025
13 0.221875 0.17421875 0.053125 0.021875
8 0.34375 0.1203125 0.03125 0.021875
7 0.0625 0.18046875 0.0578125 0.0234375
19 0.2203125 0.21328125 0.084375 0.021875
0 0.15703125 0.1484375 0.021875 0.021875
13 0.86171875 0.0078125 0.0515625 0.015625
7 0.71328125 0.01640625 0.0515625 0.021875
19 0.93203125 0.03203125 0.08125 0.0265625
6 0.5484375 0.02421875 0.034375 0.0203125
19 0.8625 0.04609375 0.0828125 0.01875
17 0.9703125 0.17109375 0.0546875 0.021875
4 0.79765625 0.25625 0.034375 0.015625
4 0.796875 0.2765625 0.034375 0.015625
16 0.87890625 0.30078125 0.0640625 0.0203125
2 0.19453125 0.6828125 0.078125 0.0234375
5 0.35546875 0.72890625 0.0078125 0.0140625
9 0.353125 0.80625 0.0125 0.015625
14 0.34921875 0.82890625 0.0203125 0.0171875
19 0.34921875 0.86796875 0.0203125 0.0171875
4 0.35546875 0.88671875 0.0078125 0.0140625
16 0.95703125 0.68046875 0.078125 0.0265625