4 0.0109375 0.04765625 0.021875 0.0140625
8 0.13984375 0.071875 0.0453125 0.0171875
6 0.03125 0.08984375 0.025 0.0125
13 0.0109375 0.13125 0.021875 0.015625
19 0.20859375 0.13359375 0.078125 0.01875
19 0.08046875 0.1515625 0.071875 0.01875
19 0.02265625 0.16875 0.0453125 0.015625
17 0.11953125 0.29375 0.053125 0.0171875
17 0.21484375 0.315625 0.05625 0.015625
18 0.20859375 0.375 0.05625 0.0171875
16 0.04609375 0.4328125 0.0609375 0.015625
4 0.5671875 0.04296875 0.0328125 0.0140625
6 0.56796875 0.08125 0.025 0.0140625
8 0.690625 0.06640625 0.046875 0.0171875
13 0.56875 0.1203125 0.0375 0.015625
19 0.6328125 0.140625 0.078125 0.01875
19 0.57578125 0.1578125 0.0515625 0.01875
19 0.77109375 0.1265625 0.08125 0.01875
17 0.67421875 0.27734375 0.0546875 0.01875
17 0.775 0.29921875 0.059375 0.01875
18 0.77109375 0.35625 0.0609375 0.01875
16 0.58515625 0.40703125 0.059375 0.01875
19 0.2296875 0.48671875 0.078125 0.0140625
19 0.15546875 0.5046875 0.0765625 0.0203125
7 0.01640625 0.48359375 0.0328125 0.0078125
17 0.26796875 0.63046875 0.0546875 0.015625
17 0.36328125 0.65390625 0.053125 0.01875
18 0.359375 0.71328125 0.059375 0.0171875
4 0.0875 0.725 0.03125 0.015625
4 0.08828125 0.74375 0.03125 0.0140625
16 0.19765625 0.76875 0.0609375 0.0203125
4 0.97890625 0.57890625 0.0328125 0.0125
4 0.978125 0.60078125 0.040625 0.01875