12 0.62109375 0.0078125 0.0515625 0.015625
4 0.70625 0.10390625 0.0390625 0.021875
19 0.615625 0.134375 0.090625 0.028125
19 0.528125 0.1640625 0.0375 0.028125
19 0.9515625 0.165625 0.096875 0.025
19 0.79921875 0.20234375 0.0875 0.0234375
19 0.7140625 0.23125 0.09375 0.0265625
8 0.8625 0.11015625 0.059375 0.021875
6 0.7359375 0.14140625 0.034375 0.0171875
0 0.63828125 0.17421875 0.025 0.021875
13 0.703125 0.1890625 0.059375 0.021875
7 0.540625 0.225 0.0625 0.025
9 0.0328125 0.271875 0.0234375 0.0203125
14 0.05 0.29296875 0.0546875 0.0203125
19 0.278125 0.271875 0.0890625 0.0265625
19 0.17265625 0.303125 0.0875 0.0234375
19 0.06796875 0.33359375 0.0890625 0.0265625
19 0.45078125 0.34296875 0.0859375 0.025
19 0.3734375 0.37109375 0.0859375 0.0265625
8 0.4953125 0.25703125 0.028125 0.0140625
6 0.39140625 0.2828125 0.034375 0.01875
6 0.04375 0.3984375 0.0328125 0.0171875
0 0.29921875 0.31171875 0.021875 0.0203125
13 0.3609375 0.3296875 0.05625 0.0234375
7 0.20625 0.36484375 0.059375 0.0234375
17 0.4953125 0.48828125 0.028125 0.0234375
4 0.32265625 0.61171875 0.0359375 0.01875
4 0.325 0.63359375 0.0328125 0.0171875
16 0.45 0.64375 0.0703125 0.0203125
8 0.546875 0.2578125 0.05 0.015625
19 0.634375 0.30625 0.078125 0.0203125
19 0.52265625 0.33671875 0.0265625 0.0203125
17 0.55703125 0.46953125 0.0546875 0.021875
17 0.6609375 0.4796875 0.0546875 0.01875
18 0.66328125 0.53671875 0.059375 0.01875