2 0.71171875 0.0953125 0.078125 0.021875
11 0.1765625 0.09296875 0.13359375 0.015625
3 0.346875 0.09296875 0.03203125 0.0140625
5 0.48828125 0.09140625 0.01796875 0.01171875
15 0.06875 0.11328125 0.0234375 0.01328125
10 0.15078125 0.1125 0.06171875 0.0140625
12 0.31015625 0.11328125 0.04375 0.01640625
5 0.053125 0.13203125 0.01953125 0.01484375
1 0.10390625 0.15078125 0.08984375 0.01484375
9 0.05234375 0.2078125 0.01640625 0.01796875
4 0.365625 0.2078125 0.03203125 0.01640625
14 0.06640625 0.22734375 0.0453125 0.01484375
19 0.284375 0.2265625 0.075 0.01484375
19 0.1734375 0.246875 0.07421875 0.0140625
19 0.08046875 0.265625 0.07421875 0.0140625
8 0.4890625 0.22578125 0.0484375 0.01640625
6 0.3671875 0.24609375 0.02421875 0.01328125
0 0.30078125 0.26484375 0.021875 0.0140625
13 0.3625 0.28359375 0.04921875 0.015625
19 0.57109375 0.2828125 0.07734375 0.01640625
19 0.43515625 0.30234375 0.078125 0.01328125
19 0.36640625 0.321875 0.07578125 0.01484375
7 0.2140625 0.30390625 0.04765625 0.01484375
6 0.0546875 0.321875 0.0265625 0.0125
4 0.075 0.284375 0.03046875 0.01640625
17 0.47890625 0.43671875 0.05546875 0.0171875
17 0.5796875 0.45625 0.05859375 0.015625
18 0.578125 0.5140625 0.0625 0.01640625
4 0.31171875 0.5328125 0.03203125 0.01484375
4 0.3109375 0.55078125 0.03125 0.0140625
16 0.39609375 0.571875 0.0578125 0.0140625