4 0.1875 0.07421875 0.0296875 0.0140625
19 0.1109375 0.09453125 0.0734375 0.0140625
19 0.025 0.1125 0.05 0.015625
19 0.38828125 0.15859375 0.0765625 0.0125
19 0.2609375 0.17734375 0.078125 0.0125
19 0.18671875 0.196875 0.0765625 0.01875
8 0.3203125 0.096875 0.046875 0.01875
6 0.2109375 0.11484375 0.028125 0.015625
0 0.1265625 0.13359375 0.0171875 0.015625
13 0.17890625 0.15625 0.0484375 0.0140625
7 0.03984375 0.1734375 0.05 0.0171875
17 0.30078125 0.32109375 0.0546875 0.0140625
17 0.396875 0.3421875 0.053125 0.01875
18 0.39453125 0.4015625 0.059375 0.015625
4 0.12265625 0.41875 0.03125 0.0140625
4 0.12421875 0.4375 0.03125 0.0140625
16 0.23359375 0.46015625 0.0609375 0.01875
19 0.85234375 0.003125 0.0703125 0.00625
19 0.76328125 0.01875 0.0734375 0.0140625
19 0.990625 0.0828125 0.01875 0.0125
0 0.9609375 0.021875 0.015625 0.0125
4 0.75625 0.03828125 0.028125 0.0125
13 0.99453125 0.0421875 0.0109375 0.0125
7 0.87578125 0.0609375 0.046875 0.015625
4 0.95078125 0.30234375 0.0296875 0.0125
4 0.9515625 0.3234375 0.0296875 0.0125
18 0.55390625 0.7640625 0.059375 0.01875
4 0.26328125 0.78125 0.0375 0.0140625
4 0.2609375 0.8015625 0.0359375 0.015625
16 0.3828125 0.8265625 0.0671875 0.01875