19 0.271875 0.04609375 0.0734375 0.015625
19 0.1484375 0.06328125 0.071875 0.0171875
19 0.0765625 0.08046875 0.0734375 0.0171875
6 0.10234375 0.00390625 0.0265625 0.0078125
0 0.02109375 0.0171875 0.01875 0.0125
13 0.07109375 0.0390625 0.05 0.01875
17 0.18515625 0.20390625 0.0546875 0.015625
17 0.27734375 0.228125 0.053125 0.0171875
18 0.27109375 0.28671875 0.0578125 0.0171875
4 0.0140625 0.30078125 0.028125 0.0140625
4 0.0109375 0.3171875 0.021875 0.015625
16 0.115625 0.34453125 0.059375 0.0203125
14 0.81171875 0.0140625 0.0484375 0.0171875
8 0.86875 0.0328125 0.0484375 0.0171875
19 0.65625 0.04453125 0.0765625 0.0171875
6 0.90234375 0.05 0.0296875 0.0140625
19 0.89375 0.065625 0.075 0.015625
4 0.88046875 0.08359375 0.03125 0.0140625
13 0.64140625 0.09375 0.0484375 0.0125
19 0.92890625 0.10078125 0.0765625 0.0140625
7 0.63984375 0.11171875 0.0484375 0.0171875
19 0.984375 0.1203125 0.03125 0.015625
6 0.62734375 0.12734375 0.0234375 0.015625
19 0.65234375 0.1453125 0.078125 0.0171875
17 0.78046875 0.24453125 0.05625 0.01875
17 0.96640625 0.2671875 0.0546875 0.0171875
18 0.97109375 0.31640625 0.0578125 0.0171875
4 0.87265625 0.32890625 0.03125 0.0125
2 0.02421875 0.46484375 0.0484375 0.0234375
11 0.3421875 0.4703125 0.1515625 0.01875
3 0.5328125 0.47578125 0.0359375 0.015625
5 0.21953125 0.51015625 0.0203125 0.0140625
15 0.2375 0.4921875 0.0296875 0.015625
10 0.33046875 0.49453125 0.0734375 0.0171875
12 0.48671875 0.4984375 0.053125 0.01875
1 0.26328125 0.534375 0.09375 0.0203125
9 0.21796875 0.60078125 0.021875 0.01875
4 0.56328125 0.60546875 0.0328125 0.0171875
14 0.234375 0.621875 0.053125 0.015625
19 0.4515625 0.6265625 0.0828125 0.0171875
19 0.35234375 0.64453125 0.0890625 0.0171875
19 0.2484375 0.6671875 0.08125 0.021875
19 0.53984375 0.73828125 0.0796875 0.0171875
6 0.56171875 0.6484375 0.0265625 0.0140625
6 0.21953125 0.73046875 0.028125 0.0125
0 0.47890625 0.6703125 0.0140625 0.0140625
4 0.2390625 0.68671875 0.03125 0.0140625
13 0.55703125 0.69375 0.0453125 0.01875
7 0.375 0.71328125 0.05 0.01875
17 0.32890625 0.91171875 0.0625 0.01875
18 0.4328125 0.97734375 0.0640625 0.0171875
4 0.46328125 0.99453125 0.0359375 0.0109375
11 0.62734375 0.4078125 0.0953125 0.015625
3 0.78046875 0.4125 0.0265625 0.0125
5 0.925 0.4171875 0.015625 0.0125
10 0.59609375 0.42578125 0.0328125 0.0140625
12 0.74375 0.43046875 0.04375 0.0140625
3 0.79765625 0.528125 0.0296875 0.0140625
19 0.7140625 0.54453125 0.0734375 0.0171875
8 0.92265625 0.55 0.0484375 0.0171875
19 0.609375 0.5609375 0.059375 0.015625
6 0.7984375 0.56640625 0.0234375 0.0140625
0 0.73125 0.58359375 0.0171875 0.015625
13 0.79140625 0.60390625 0.0484375 0.0140625
19 0.98203125 0.609375 0.0359375 0.015625
7 0.640625 0.61875 0.05 0.0171875
19 0.86328125 0.625 0.078125 0.015625
19 0.79375 0.64296875 0.0796875 0.015625
17 0.90625 0.76328125 0.053125 0.01875
17 0.990625 0.78515625 0.01875 0.0171875
18 0.98671875 0.8421875 0.0265625 0.015625
4 0.73359375 0.85 0.0296875 0.015625
4 0.73203125 0.8703125 0.0328125 0.015625
16 0.81875 0.8921875 0.059375 0.015625