17 0.01875 0.13046875 0.0375 0.0140625
18 0.0203125 0.18984375 0.040625 0.0140625
4 0.3953125 0.20703125 0.0359375 0.015625
4 0.39609375 0.22734375 0.0359375 0.015625
17 0.59453125 0.0921875 0.065625 0.01875
17 0.70234375 0.1078125 0.0640625 0.0203125
18 0.69921875 0.17265625 0.059375 0.0203125
16 0.52265625 0.24296875 0.0703125 0.0203125
4 0.1140625 0.62265625 0.0359375 0.0140625
4 0.0546875 0.9828125 0.034375 0.0140625
4 0.05390625 0.99765625 0.0359375 0.0046875
19 0.0359375 0.646875 0.071875 0.01875
19 0.3171875 0.69765625 0.025 0.0203125
19 0.19765625 0.7234375 0.0828125 0.015625
19 0.11953125 0.746875 0.0875 0.01875
8 0.26875 0.63828125 0.0578125 0.0234375
6 0.14296875 0.66171875 0.028125 0.0171875
0 0.04765625 0.6859375 0.021875 0.0171875
13 0.10859375 0.70703125 0.05625 0.021875
17 0.25859375 0.86796875 0.0625 0.0140625
4 0.6953125 0.721875 0.0328125 0.0171875
4 0.6953125 0.74296875 0.03125 0.0234375
17 0.8625 0.62109375 0.0546875 0.028125
17 0.9640625 0.63828125 0.0578125 0.021875
18 0.9640625 0.6953125 0.0546875 0.015625
16 0.78203125 0.76015625 0.0578125 0.01875