16 0.08359375 0.2515625 0.0578125 0.0171875
13 0.46171875 0.003125 0.0515625 0.00625
19 0.54375 0.0125 0.0796875 0.01875
19 0.46953125 0.03828125 0.078125 0.0171875
17 0.596875 0.15078125 0.0546875 0.015625
17 0.69296875 0.16328125 0.0578125 0.0171875
18 0.6921875 0.22265625 0.05625 0.0171875
4 0.425 0.2640625 0.03125 0.0125
4 0.42734375 0.28359375 0.0296875 0.0140625
16 0.53984375 0.2984375 0.059375 0.0203125
17 0.3609375 0.49921875 0.015625 0.0234375
4 0.2 0.62109375 0.0390625 0.01875
4 0.2015625 0.64140625 0.0390625 0.0203125
16 0.32421875 0.6546875 0.06875 0.025
17 0.85390625 0.48671875 0.0640625 0.0140625
17 0.96171875 0.4953125 0.0640625 0.0265625
18 0.96328125 0.56015625 0.0609375 0.0234375
4 0.6625 0.6015625 0.0359375 0.01875
4 0.6640625 0.6234375 0.0328125 0.0171875
16 0.7890625 0.6359375 0.0703125 0.0203125