2 0.27265625 0.0984375 0.0796875 0.02109375
11 0.5625 0.09453125 0.12421875 0.01484375
3 0.725 0.09296875 0.02890625 0.0140625
5 0.8578125 0.09296875 0.01953125 0.015625
15 0.459375 0.115625 0.02109375 0.01328125
10 0.53984375 0.11328125 0.0609375 0.0140625
12 0.6890625 0.1109375 0.0421875 0.0140625
5 0.44375 0.13203125 0.01796875 0.01484375
1 0.4921875 0.1515625 0.084375 0.015625
9 0.44140625 0.20625 0.01796875 0.0140625
4 0.73671875 0.20703125 0.02734375 0.01328125
14 0.4546875 0.22734375 0.0453125 0.01796875
19 0.6625 0.22578125 0.07109375 0.01484375
19 0.55625 0.24609375 0.071875 0.01484375
19 0.46796875 0.2640625 0.07421875 0.015625
8 0.85625 0.22578125 0.04609375 0.015625
6 0.74140625 0.24609375 0.02265625 0.01484375
0 0.6765625 0.26328125 0.01875 0.01484375
4 0.46328125 0.2828125 0.02890625 0.0140625
13 0.7359375 0.2828125 0.04765625 0.01640625
6 0.44296875 0.321875 0.02421875 0.01484375
19 0.73828125 0.3203125 0.0734375 0.0140625
19 0.803125 0.30234375 0.075 0.015625
19 0.9328125 0.28203125 0.075 0.01640625
17 0.84765625 0.4359375 0.053125 0.01640625
17 0.94375 0.4546875 0.05546875 0.0140625
18 0.940625 0.5125 0.059375 0.015625
4 0.68828125 0.53046875 0.0265625 0.015625
4 0.68671875 0.55078125 0.03125 0.0125
16 0.76875 0.56953125 0.05703125 0.01953125
7 0.59609375 0.30234375 0.04609375 0.0140625