4 0.09609375 0.028125 0.03125 0.0125
19 0.028125 0.0515625 0.05625 0.01875
19 0.3015625 0.09921875 0.0796875 0.01875
19 0.1734375 0.12578125 0.071875 0.015625
19 0.10078125 0.1484375 0.0734375 0.0171875
8 0.2296875 0.0421875 0.0453125 0.0171875
6 0.11875 0.0671875 0.028125 0.015625
0 0.0390625 0.090625 0.0171875 0.015625
13 0.09140625 0.10859375 0.0484375 0.015625
17 0.221875 0.265625 0.053125 0.0171875
17 0.31953125 0.27890625 0.0578125 0.0171875
18 0.31875 0.33984375 0.0625 0.01875
4 0.0515625 0.3734375 0.034375 0.0140625
4 0.05078125 0.39375 0.03125 0.0125
16 0.1609375 0.4078125 0.059375 0.021875
19 0.29453125 0.5078125 0.0875 0.021875
19 0.65390625 0.53125 0.0296875 0.021875
19 0.60546875 0.55546875 0.0875 0.0203125
0 0.53203125 0.49609375 0.0203125 0.0140625
4 0.28828125 0.52890625 0.0359375 0.015625
4 0.5421875 0.790625 0.0390625 0.01875
4 0.5421875 0.8109375 0.0375 0.015625
13 0.59375 0.5125 0.0609375 0.01875
7 0.4328125 0.5421875 0.0578125 0.0203125
6 0.265625 0.56953125 0.034375 0.0171875
16 0.6515625 0.82734375 0.034375 0.0203125
19 0.87265625 0.49453125 0.0828125 0.0109375
19 0.8 0.5125 0.078125 0.01875
4 0.75390625 0.73671875 0.0359375 0.0171875
4 0.7578125 0.75859375 0.034375 0.0203125
16 0.84453125 0.775 0.0640625 0.01875
17 0.92578125 0.62734375 0.059375 0.0203125