4 0.3859375 0.00234375 0.03125 0.0046875
4 0.3875 0.01875 0.03125 0.0125
16 0.4921875 0.03984375 0.05625 0.015625
4 0.98984375 0.1125 0.0203125 0.0125
4 0.98984375 0.13125 0.0203125 0.0125
4 0.034375 0.4109375 0.03125 0.0125
0 0.12265625 0.4765625 0.0171875 0.0125
19 0.015625 0.528125 0.03125 0.015625
4 0.03515625 0.75546875 0.028125 0.0125
16 0.13984375 0.77265625 0.05625 0.0125
19 0.1453125 0.42734375 0.08125 0.0125
2 0.79375 0.40703125 0.078125 0.021875
15 0.98125 0.425 0.0203125 0.009375
5 0.96640625 0.44296875 0.015625 0.009375
1 0.98203125 0.46328125 0.0359375 0.0140625
9 0.9625 0.52421875 0.0140625 0.0140625
14 0.97578125 0.54296875 0.04375 0.0125
19 0.975 0.5828125 0.05 0.0125
4 0.98125 0.60234375 0.03125 0.0125
6 0.96171875 0.64296875 0.028125 0.0125