8 0.0078125 0.18046875 0.015625 0.0171875
19 0.06484375 0.23828125 0.078125 0.01875
17 0.00703125 0.40390625 0.0140625 0.0171875
17 0.08359375 0.41875 0.05625 0.015625
18 0.08203125 0.478125 0.05625 0.0171875
2 0.19375 0.03828125 0.084375 0.025
15 0.5953125 0.01640625 0.021875 0.0109375
10 0.675 0.0125 0.0578125 0.015625
12 0.82890625 0.00703125 0.040625 0.0140625
5 0.57890625 0.03203125 0.015625 0.0125
1 0.64296875 0.046875 0.0828125 0.015625
4 0.98984375 0.09609375 0.0203125 0.0140625
14 0.76484375 0.1203125 0.05 0.0125
8 0.81796875 0.1359375 0.05 0.0171875
6 0.85234375 0.15078125 0.025 0.0125
19 0.6140625 0.16015625 0.0734375 0.0171875
19 0.846875 0.1671875 0.075 0.015625
4 0.84375 0.18515625 0.028125 0.0125
13 0.60078125 0.20703125 0.0453125 0.0140625
19 0.8828125 0.19921875 0.075 0.0171875
7 0.6 0.225 0.0453125 0.0140625
19 0.95625 0.2140625 0.0703125 0.0140625
6 0.59140625 0.24140625 0.025 0.0125
19 0.61484375 0.25859375 0.071875 0.015625
16 0.759375 0.27109375 0.0625 0.015625
17 0.7453125 0.34765625 0.053125 0.0125
17 0.928125 0.36015625 0.053125 0.0140625
18 0.91171875 0.409375 0.0484375 0.0140625
4 0.84140625 0.428125 0.025 0.0125
4 0.99453125 0.4390625 0.0109375 0.0125
9 0.58046875 0.1109375 0.01875 0.0125
16 0.97734375 0.68671875 0.0453125 0.0140625