11 0.15703125 0.084375 0.134375 0.0125
3 0.33515625 0.08359375 0.03359375 0.01328125
5 0.46328125 0.08359375 0.0140625 0.01171875
15 0.06015625 0.10625 0.021875 0.009375
10 0.1359375 0.1046875 0.06015625 0.01484375
12 0.2796875 0.103125 0.046875 0.01171875
5 0.0484375 0.1265625 0.015625 0.01171875
1 0.08515625 0.1453125 0.07578125 0.01328125
9 0.046875 0.20546875 0.01484375 0.01328125
4 0.340625 0.2046875 0.03125 0.0109375
14 0.06171875 0.2265625 0.04296875 0.0109375
19 0.26328125 0.2234375 0.07734375 0.0125
8 0.471875 0.22421875 0.04921875 0.015625
19 0.16640625 0.2453125 0.07734375 0.0125
6 0.36328125 0.24375 0.0234375 0.01171875
19 0.075 0.26640625 0.071875 0.01328125
0 0.2796875 0.2640625 0.0203125 0.01484375
4 0.0703125 0.28828125 0.0296875 0.0125
13 0.33359375 0.284375 0.0453125 0.01328125
19 0.54140625 0.2859375 0.075 0.0140625
7 0.19296875 0.30625 0.0484375 0.0140625
19 0.415625 0.30625 0.07421875 0.01328125
6 0.04921875 0.328125 0.0234375 0.0109375
19 0.3421875 0.32734375 0.0765625 0.01640625
17 0.45859375 0.4484375 0.0546875 0.0140625
17 0.5515625 0.4671875 0.0546875 0.0140625
18 0.55078125 0.528125 0.05703125 0.01640625
4 0.28203125 0.54921875 0.03125 0.0125
4 0.28203125 0.5703125 0.0328125 0.0109375
16 0.39140625 0.58984375 0.05859375 0.0125
2 0.678125 0.08984375 0.0796875 0.021875