11 0.184375 0.1140625 0.13203125 0.0125
3 0.3671875 0.1125 0.0296875 0.01171875
5 0.49765625 0.1109375 0.0171875 0.01328125
15 0.06640625 0.13203125 0.02109375 0.01015625
10 0.14609375 0.13203125 0.06484375 0.01484375
12 0.30859375 0.1296875 0.04140625 0.0140625
5 0.05 0.14921875 0.01796875 0.0109375
1 0.11484375 0.165625 0.08359375 0.0140625
4 0.46953125 0.2234375 0.02890625 0.01171875
14 0.23046875 0.2421875 0.0484375 0.01484375
8 0.28828125 0.25859375 0.0484375 0.01484375
19 0.0765625 0.278125 0.07578125 0.0140625
6 0.32265625 0.275 0.02890625 0.01328125
19 0.31484375 0.290625 0.075 0.01328125
0 0.55546875 0.2890625 0.0171875 0.0125
4 0.3015625 0.309375 0.03125 0.0125
13 0.06328125 0.32734375 0.0484375 0.0109375
19 0.35078125 0.325 0.0765625 0.0109375
7 0.0625 0.3453125 0.0484375 0.01484375
19 0.43046875 0.3421875 0.078125 0.01328125
6 0.05 0.36171875 0.0234375 0.0140625
19 0.07578125 0.37890625 0.07734375 0.0140625
17 0.2078125 0.4734375 0.05546875 0.01640625
17 0.39375 0.48984375 0.0546875 0.01484375
18 0.4015625 0.5390625 0.0578125 0.01484375
4 0.30234375 0.5546875 0.03125 0.0109375
4 0.47109375 0.57109375 0.03125 0.01171875
9 0.046875 0.2265625 0.0125 0.01171875
2 0.728125 0.1125 0.05234375 0.01796875
16 0.575 0.5890625 0.05703125 0.0171875
19 0.57890625 0.2390625 0.07734375 0.0125