17 0.1984375 0.003125 0.053125 0.00625
18 0.19609375 0.0578125 0.0578125 0.015625
16 0.04375 0.1234375 0.059375 0.01875
19 0.5484375 0.015625 0.078125 0.015625
19 0.44375 0.0375 0.028125 0.015625
17 0.46796875 0.17890625 0.053125 0.015625
17 0.5625 0.196875 0.0546875 0.0140625
18 0.56015625 0.2578125 0.05625 0.015625
2 0.09921875 0.43046875 0.0984375 0.0328125
11 0.39296875 0.41875 0.0734375 0.021875
5 0.30234375 0.46171875 0.0171875 0.0171875
15 0.31953125 0.44140625 0.0265625 0.0171875
10 0.4 0.440625 0.059375 0.01875
1 0.34921875 0.4828125 0.0953125 0.0234375
9 0.3 0.54453125 0.025 0.01875
14 0.3171875 0.56640625 0.05625 0.01875
19 0.4125 0.584375 0.034375 0.021875
19 0.334375 0.60859375 0.0875 0.01875
4 0.32734375 0.6296875 0.0359375 0.0140625
6 0.303125 0.66875 0.034375 0.015625
8 0.55 0.46875 0.05 0.0171875
6 0.44140625 0.48984375 0.0234375 0.0125
19 0.6203125 0.52890625 0.075 0.015625
19 0.4953125 0.5515625 0.075 0.0140625
19 0.44453125 0.57421875 0.0296875 0.0171875
17 0.540625 0.69296875 0.0546875 0.015625
17 0.63359375 0.71015625 0.0546875 0.015625
18 0.634375 0.77109375 0.0578125 0.0171875
16 0.47578125 0.83515625 0.059375 0.0140625