15 0.28984375 0.0046875 0.0234375 0.009375
10 0.3703125 0.00703125 0.059375 0.0140625
5 0.27421875 0.0203125 0.0171875 0.0171875
1 0.3203125 0.0421875 0.084375 0.0203125
9 0.26796875 0.0953125 0.015625 0.01875
14 0.28046875 0.11640625 0.046875 0.01875
19 0.38046875 0.1421875 0.0734375 0.01875
19 0.290625 0.15390625 0.071875 0.01875
6 0.2640625 0.209375 0.028125 0.0140625
7 0.415625 0.20078125 0.046875 0.01875
4 0.284375 0.17265625 0.0265625 0.0140625
4 0.84296875 0.19921875 0.0328125 0.0171875
4 0.84296875 0.21796875 0.0328125 0.0125
16 0.928125 0.24296875 0.0609375 0.028125
11 0.753125 0.684375 0.128125 0.025
3 0.91953125 0.69296875 0.03125 0.0171875
15 0.65859375 0.69609375 0.0234375 0.015625
10 0.728125 0.70078125 0.059375 0.01875
12 0.86640625 0.71015625 0.0421875 0.0171875
5 0.64140625 0.7140625 0.021875 0.0140625
1 0.67890625 0.73671875 0.075 0.021875
9 0.63359375 0.79296875 0.0171875 0.0140625
4 0.91640625 0.8125 0.028125 0.0125
14 0.6453125 0.8140625 0.0484375 0.01875
19 0.84140625 0.82734375 0.0703125 0.01875
19 0.74921875 0.84140625 0.075 0.01875
6 0.93515625 0.85390625 0.0234375 0.0140625
19 0.65625 0.8546875 0.071875 0.01875
0 0.85546875 0.8671875 0.0140625 0.0125
4 0.64921875 0.8734375 0.028125 0.0125
13 0.90390625 0.89296875 0.0484375 0.015625
7 0.7671875 0.903125 0.04375 0.015625
19 0.9703125 0.9171875 0.059375 0.01875
6 0.628125 0.91171875 0.028125 0.015625
19 0.90859375 0.93203125 0.06875 0.015625
2 0.4859375 0.671875 0.053125 0.025