2 0.15625 0.01171875 0.084375 0.0234375
5 0.33984375 0.046875 0.01875 0.0125
19 0.4515625 0.16484375 0.05625 0.0140625
19 0.36484375 0.18203125 0.078125 0.0140625
4 0.35859375 0.2 0.0296875 0.015625
11 0.43984375 0.0109375 0.0796875 0.021875
15 0.359375 0.028125 0.0296875 0.015625
1 0.3921875 0.06640625 0.0890625 0.0171875
14 0.353125 0.1421875 0.0546875 0.0203125
6 0.34296875 0.240625 0.0296875 0.01875
10 0.44140625 0.03046875 0.0671875 0.021875
9 0.33828125 0.1234375 0.021875 0.0125
19 0.84140625 0.0328125 0.0875 0.01875
19 0.69921875 0.05234375 0.0828125 0.021875
19 0.62578125 0.07109375 0.078125 0.015625
13 0.621875 0.028125 0.053125 0.015625
4 0.5640625 0.2921875 0.0359375 0.015625
4 0.565625 0.3140625 0.0328125 0.01875
16 0.6515625 0.33671875 0.0640625 0.0171875
7 0.48515625 0.04453125 0.0109375 0.0203125
17 0.74296875 0.1953125 0.059375 0.01875
18 0.84453125 0.2765625 0.053125 0.0203125
0 0.559375 0.0078125 0.021875 0.015625