11 0.35390625 0.00234375 0.1484375 0.0046875
3 0.54375 0.00546875 0.034375 0.0109375
15 0.24609375 0.0125 0.0234375 0.0125
10 0.33828125 0.015625 0.0703125 0.015625
12 0.49609375 0.02421875 0.046875 0.0171875
5 0.23046875 0.03125 0.0171875 0.0125
1 0.271875 0.05703125 0.09375 0.0203125
9 0.2265625 0.1203125 0.015625 0.0140625
4 0.571875 0.1359375 0.034375 0.015625
4 0.24453125 0.2078125 0.0328125 0.015625
14 0.2390625 0.1453125 0.0484375 0.0171875
19 0.45625 0.1546875 0.0828125 0.01875
19 0.35546875 0.1703125 0.084375 0.0203125
19 0.2515625 0.1875 0.0765625 0.0203125
19 0.6140625 0.2484375 0.05 0.01875
19 0.54453125 0.26953125 0.0796875 0.01875
6 0.5671875 0.18125 0.025 0.015625
0 0.48359375 0.196875 0.0140625 0.0140625
13 0.5640625 0.22421875 0.05 0.0171875
7 0.37734375 0.2375 0.05 0.01875
17 0.628125 0.41015625 0.021875 0.0203125
17 0.325 0.43984375 0.059375 0.0171875
18 0.425 0.50703125 0.0578125 0.01875
4 0.45625 0.52890625 0.0359375 0.015625
4 0.453125 0.55234375 0.034375 0.01875
16 0.5875 0.57734375 0.0640625 0.01875
6 0.2234375 0.253125 0.028125 0.0171875
3 0.7109375 0.06484375 0.0265625 0.0125
5 0.85546875 0.071875 0.015625 0.0125
12 0.67421875 0.08203125 0.04375 0.0140625
3 0.7265625 0.18046875 0.0296875 0.0140625
19 0.659375 0.19453125 0.040625 0.0171875
8 0.85078125 0.2046875 0.0484375 0.0171875
6 0.7265625 0.21875 0.0234375 0.0140625
0 0.65859375 0.234375 0.0171875 0.015625
13 0.71875 0.25546875 0.0484375 0.015625
19 0.9296875 0.26640625 0.078125 0.0171875
19 0.78984375 0.278125 0.078125 0.0171875
19 0.7203125 0.2953125 0.0796875 0.0171875
17 0.83046875 0.4171875 0.0546875 0.0203125
17 0.9328125 0.44140625 0.0546875 0.0171875
18 0.92734375 0.4984375 0.059375 0.015625
4 0.65625 0.5015625 0.0296875 0.015625
4 0.6546875 0.52109375 0.03125 0.0171875
16 0.740625 0.54453125 0.059375 0.015625