17 0.3890625 0.08984375 0.0625 0.021875
4 0.70703125 0.00390625 0.0328125 0.0078125
16 0.79375 0.025 0.0609375 0.0265625
1 0.08671875 0.3875 0.0859375 0.015625
4 0.440625 0.4671875 0.0296875 0.0125
14 0.2015625 0.4703125 0.0484375 0.015625
8 0.25859375 0.48984375 0.0484375 0.015625
6 0.2921875 0.50859375 0.0265625 0.0125
4 0.26953125 0.54296875 0.03125 0.0125
13 0.0265625 0.54609375 0.046875 0.015625
19 0.31796875 0.56171875 0.0765625 0.01875
7 0.02578125 0.56328125 0.0484375 0.015625
19 0.3953125 0.58359375 0.075 0.015625
6 0.0140625 0.58046875 0.028125 0.0140625
19 0.03671875 0.6 0.0734375 0.0171875
17 0.1640625 0.703125 0.0546875 0.0171875
17 0.35078125 0.7296875 0.0546875 0.0171875
18 0.35703125 0.78125 0.0578125 0.0171875
4 0.2578125 0.790625 0.0296875 0.0109375
4 0.42421875 0.81640625 0.03125 0.0109375
19 0.2828125 0.52421875 0.078125 0.015625
9 0.015625 0.44296875 0.0140625 0.0125
19 0.04375 0.49609375 0.078125 0.0171875
9 0.71796875 0.421875 0.01875 0.0140625
4 0.99140625 0.434375 0.0171875 0.015625
14 0.7296875 0.4421875 0.046875 0.0171875
19 0.92421875 0.45234375 0.0703125 0.0171875
19 0.83203125 0.46796875 0.071875 0.0171875
19 0.73984375 0.48203125 0.071875 0.0171875
19 0.97734375 0.55625 0.0453125 0.015625
0 0.93828125 0.4921875 0.0171875 0.0125
4 0.73359375 0.50234375 0.028125 0.0125
13 0.98203125 0.5140625 0.0359375 0.015625
7 0.85390625 0.52890625 0.04375 0.015625
6 0.7125 0.53984375 0.0265625 0.0140625
4 0.91953125 0.7734375 0.0265625 0.0125
4 0.91796875 0.79375 0.0296875 0.0140625