17 0.38359375 0.01953125 0.065625 0.01875
17 0.4921875 0.04296875 0.065625 0.01875
18 0.4859375 0.10546875 0.065625 0.01875
4 0.17265625 0.121875 0.0390625 0.0140625
4 0.17109375 0.14296875 0.0375 0.015625
16 0.3 0.16796875 0.071875 0.01875
2 0.83359375 0.06953125 0.0859375 0.028125
5 0.99453125 0.10546875 0.0109375 0.0109375
9 0.99375 0.1859375 0.0125 0.015625
14 0.99375 0.20390625 0.0125 0.0171875
19 0.9921875 0.246875 0.015625 0.0125
6 0.99140625 0.3046875 0.0171875 0.015625
19 0.2921875 0.52109375 0.0859375 0.01875
17 0.40078125 0.6546875 0.0625 0.01875
17 0.0703125 0.69296875 0.0640625 0.01875
18 0.1765625 0.75625 0.0609375 0.0171875
4 0.20546875 0.7765625 0.0328125 0.015625
4 0.20625 0.796875 0.034375 0.0171875
16 0.34609375 0.82265625 0.0671875 0.015625
9 0.665625 0.51796875 0.025 0.0171875
4 0.99375 0.52421875 0.0125 0.0171875
14 0.68125 0.53984375 0.05625 0.01875
19 0.91796875 0.54375 0.0890625 0.01875
19 0.80546875 0.56328125 0.090625 0.021875
19 0.696875 0.5828125 0.0875 0.01875
19 0.9796875 0.65078125 0.040625 0.0171875
0 0.934375 0.5859375 0.01875 0.0171875
4 0.68984375 0.603125 0.0359375 0.0140625
4 0.925 0.88203125 0.0375 0.0171875
4 0.92265625 0.90234375 0.0375 0.0140625
13 0.98203125 0.6078125 0.0359375 0.015625
7 0.83203125 0.6265625 0.05625 0.01875
6 0.6640625 0.6421875 0.034375 0.015625