11 0.50859375 0.065625 0.16171875 0.01953125
3 0.70625 0.06796875 0.04140625 0.01484375
5 0.85625 0.06875 0.02109375 0.015625
15 0.39140625 0.08984375 0.025 0.01484375
10 0.4890625 0.090625 0.071875 0.0140625
12 0.65390625 0.09140625 0.0515625 0.0171875
5 0.37578125 0.11015625 0.02109375 0.015625
1 0.421875 0.1296875 0.09375 0.01640625
4 0.73828125 0.2 0.0328125 0.01328125
19 0.6203125 0.22265625 0.08515625 0.01484375
8 0.85546875 0.22265625 0.0578125 0.015625
19 0.51171875 0.24140625 0.0890625 0.0140625
6 0.73359375 0.24375 0.02578125 0.01484375
19 0.4 0.26171875 0.084375 0.01328125
0 0.646875 0.26484375 0.015625 0.01328125
4 0.39296875 0.28515625 0.0328125 0.01484375
13 0.7296875 0.28828125 0.046875 0.01328125
7 0.53515625 0.31015625 0.05078125 0.0140625
19 0.940625 0.28984375 0.08359375 0.01328125
19 0.80703125 0.31171875 0.09375 0.01328125
19 0.7125 0.33515625 0.0875 0.015625
6 0.36875 0.33046875 0.02578125 0.0140625
17 0.821875 0.47109375 0.06484375 0.01484375
17 0.48125 0.51484375 0.0640625 0.0171875
18 0.58671875 0.578125 0.0625 0.01171875
4 0.6828125 0.60078125 0.034375 0.0140625
4 0.665625 0.6234375 0.0328125 0.01328125
16 0.76015625 0.646875 0.06796875 0.01640625
14 0.3875 0.221875 0.053125 0.01640625
2 0.1578125 0.06640625 0.078125 0.0234375
9 0.37421875 0.1984375 0.01953125 0.01953125