2 0.15859375 0.0765625 0.09765625 0.03046875
11 0.49921875 0.06796875 0.15703125 0.0234375
3 0.70546875 0.065625 0.03671875 0.01796875
5 0.8515625 0.06640625 0.0203125 0.01640625
5 0.36484375 0.109375 0.021875 0.01484375
15 0.38203125 0.0875 0.03046875 0.01640625
10 0.4734375 0.08984375 0.0734375 0.0140625
12 0.63984375 0.0875 0.05078125 0.01328125
1 0.409375 0.13046875 0.096875 0.01796875
9 0.36171875 0.1953125 0.01796875 0.015625
4 0.709375 0.1953125 0.0328125 0.0171875
4 0.3875 0.27890625 0.0390625 0.01796875
4 0.63203125 0.55859375 0.0375 0.01796875
4 0.63203125 0.58203125 0.03828125 0.0171875
14 0.37734375 0.21640625 0.059375 0.015625
19 0.6171875 0.215625 0.08828125 0.015625
19 0.50546875 0.23671875 0.08984375 0.01640625
19 0.3921875 0.2578125 0.08984375 0.01953125
19 0.94296875 0.28359375 0.0859375 0.01796875
19 0.79375 0.30234375 0.08828125 0.0171875
19 0.70859375 0.32421875 0.090625 0.01640625
8 0.86171875 0.215625 0.05859375 0.015625
6 0.73515625 0.2375 0.03125 0.0140625
6 0.3625 0.32265625 0.03125 0.0171875
0 0.6390625 0.259375 0.0234375 0.0171875
13 0.6984375 0.28046875 0.05546875 0.015625
7 0.53515625 0.30234375 0.0546875 0.0203125
17 0.8421875 0.45234375 0.065625 0.0140625
17 0.95390625 0.47421875 0.06796875 0.01484375
18 0.95 0.5390625 0.06640625 0.01796875
16 0.7609375 0.60390625 0.07421875 0.01953125