2 0.77734375 0.071875 0.0984375 0.028125
11 0.15859375 0.0625 0.15859375 0.0171875
3 0.3703125 0.06171875 0.03671875 0.0171875
5 0.5234375 0.0625 0.02578125 0.01640625
5 0.025 0.10625 0.025 0.0171875
15 0.03984375 0.084375 0.0234375 0.01640625
10 0.13203125 0.084375 0.0734375 0.015625
12 0.30078125 0.08359375 0.05078125 0.0171875
1 0.06953125 0.12578125 0.09140625 0.0171875
9 0.021875 0.18828125 0.0203125 0.0171875
4 0.3765625 0.1890625 0.0375 0.01796875
4 0.3015625 0.546875 0.03671875 0.01640625
4 0.3015625 0.56796875 0.03671875 0.01875
14 0.040625 0.21171875 0.0546875 0.01640625
19 0.28359375 0.2109375 0.0890625 0.02109375
19 0.16640625 0.23046875 0.090625 0.01953125
19 0.05703125 0.25390625 0.0921875 0.0171875
19 0.61640625 0.27265625 0.0953125 0.01640625
19 0.4609375 0.2953125 0.0859375 0.01640625
19 0.3734375 0.31640625 0.09296875 0.01796875
8 0.53203125 0.20859375 0.05859375 0.0171875
6 0.403125 0.22890625 0.03359375 0.01484375
6 0.028125 0.315625 0.03203125 0.015625
0 0.303125 0.253125 0.0234375 0.01953125
4 0.0515625 0.275 0.034375 0.01328125
13 0.36640625 0.2734375 0.05859375 0.01640625
7 0.2 0.2953125 0.0625 0.01953125
17 0.51328125 0.44140625 0.06484375 0.01796875
17 0.62734375 0.4625 0.0671875 0.0171875
18 0.61875 0.5265625 0.0625 0.01953125
16 0.4328125 0.58984375 0.07109375 0.0171875