14 0.0203125 0.0703125 0.040625 0.015625
4 0.3734375 0.05859375 0.0359375 0.0140625
19 0.25078125 0.07734375 0.0875 0.0140625
8 0.4875 0.084375 0.0515625 0.01875
19 0.140625 0.09296875 0.090625 0.0171875
6 0.36875 0.1 0.028125 0.0140625
19 0.0359375 0.11171875 0.071875 0.0140625
0 0.27890625 0.11875 0.021875 0.0140625
4 0.01875 0.13203125 0.03125 0.0140625
13 0.36328125 0.14296875 0.0515625 0.015625
19 0.575 0.1515625 0.0875 0.015625
19 0.4375 0.16796875 0.0921875 0.0171875
19 0.34296875 0.18828125 0.0890625 0.0140625
7 0.1625 0.15859375 0.0515625 0.0171875
6 0.0046875 0.1765625 0.009375 0.0125
17 0.4515625 0.32421875 0.0640625 0.015625
17 0.10625 0.35546875 0.0625 0.015625
18 0.21328125 0.41875 0.0609375 0.0109375
4 0.3109375 0.44375 0.0359375 0.0140625
4 0.290625 0.46328125 0.03125 0.0109375
9 0.0046875 0.046875 0.009375 0.01875
17 0.65859375 0.54296875 0.0734375 0.01875
17 0.7625 0.56953125 0.0640625 0.0171875
18 0.759375 0.63203125 0.0640625 0.0171875
4 0.4484375 0.64765625 0.0390625 0.0203125
4 0.44609375 0.66796875 0.0375 0.0171875
16 0.5734375 0.69453125 0.0703125 0.0203125
4 0.86171875 0.675 0.03125 0.0171875
4 0.8625 0.6953125 0.034375 0.015625
16 0.9484375 0.71640625 0.059375 0.021875