19 0.52578125 0.05390625 0.0265625 0.0203125
19 0.4484375 0.08046875 0.0890625 0.0203125
19 0.33828125 0.10859375 0.084375 0.01875
4 0.3328125 0.13203125 0.034375 0.0171875
7 0.4765625 0.146875 0.0515625 0.0171875
6 0.31171875 0.17890625 0.0265625 0.015625
17 0.43671875 0.35546875 0.065625 0.021875
18 0.52734375 0.4109375 0.0234375 0.015625
14 0.3234375 0.06953125 0.0546875 0.0203125
9 0.3078125 0.046875 0.0203125 0.0203125
2 0.653125 0.065625 0.075 0.0265625
11 0.92890625 0.0375 0.121875 0.0234375
15 0.8359375 0.0671875 0.025 0.015625
10 0.90859375 0.0625 0.0609375 0.0203125
5 0.82421875 0.0875 0.0203125 0.0140625
1 0.86171875 0.103125 0.0765625 0.021875
9 0.82734375 0.16640625 0.0203125 0.0140625
14 0.8421875 0.184375 0.0484375 0.01875
19 0.94609375 0.1984375 0.0734375 0.01875
19 0.85625 0.2234375 0.071875 0.01875
4 0.853125 0.24453125 0.028125 0.0140625
7 0.97578125 0.25625 0.0453125 0.015625
6 0.83671875 0.28359375 0.0265625 0.015625
17 0.496875 0.6390625 0.053125 0.01875
4 0.33203125 0.75078125 0.028125 0.0140625
4 0.33671875 0.771875 0.034375 0.0125
16 0.44140625 0.7859375 0.05625 0.021875
19 0.87734375 0.75625 0.08125 0.0171875
19 0.98984375 0.7234375 0.0203125 0.021875
19 0.80625 0.78046875 0.078125 0.025
19 0.71328125 0.6859375 0.0796875 0.01875
19 0.5953125 0.7140625 0.0796875 0.01875
1 0.54921875 0.62109375 0.0203125 0.0265625
4 0.79609375 0.66171875 0.0375 0.01875
13 0.7984375 0.74140625 0.0546875 0.0203125
8 0.9296875 0.6703125 0.0546875 0.0203125
7 0.64609375 0.77265625 0.053125 0.0234375
0 0.73203125 0.725 0.01875 0.0171875
6 0.80234375 0.69765625 0.0328125 0.021875