11 0.15703125 0.04296875 0.1578125 0.0265625
3 0.36328125 0.04453125 0.0375 0.01875
5 0.021875 0.08203125 0.021875 0.015625
15 0.0390625 0.06015625 0.03125 0.0171875
10 0.13046875 0.0640625 0.0734375 0.015625
12 0.296875 0.06484375 0.0515625 0.0140625
1 0.065625 0.10390625 0.096875 0.0203125
9 0.0171875 0.16796875 0.01875 0.015625
4 0.36484375 0.17421875 0.0328125 0.0171875
4 0.04140625 0.25234375 0.0390625 0.01875
14 0.03203125 0.1890625 0.059375 0.0171875
19 0.271875 0.19296875 0.0890625 0.0171875
19 0.16015625 0.21171875 0.090625 0.01875
19 0.04609375 0.23125 0.090625 0.021875
19 0.42578125 0.2828125 0.0484375 0.01875
19 0.36171875 0.303125 0.090625 0.01875
6 0.38984375 0.21640625 0.03125 0.0140625
6 0.015625 0.2953125 0.03125 0.0171875
0 0.29296875 0.23671875 0.0234375 0.0171875
13 0.35234375 0.25859375 0.05625 0.0171875
7 0.18828125 0.278125 0.0546875 0.021875
14 0.4875 0.00390625 0.05 0.0078125
19 0.690625 0.00546875 0.075 0.0109375
8 0.89921875 0.00703125 0.04375 0.0125
19 0.596875 0.0234375 0.078125 0.015625
6 0.790625 0.0265625 0.021875 0.0109375
19 0.5 0.04296875 0.075 0.0140625
0 0.70859375 0.04453125 0.015625 0.0125
4 0.49453125 0.0625 0.03125 0.0125
13 0.7609375 0.06640625 0.0421875 0.009375
19 0.9640625 0.06640625 0.071875 0.0140625
7 0.62109375 0.08515625 0.046875 0.0140625
19 0.84140625 0.08515625 0.0765625 0.015625
6 0.47578125 0.10390625 0.0265625 0.0140625
19 0.76640625 0.10546875 0.0734375 0.0140625
17 0.88203125 0.2296875 0.0546875 0.0140625
17 0.9734375 0.24921875 0.053125 0.0140625
18 0.9703125 0.3078125 0.05625 0.015625
4 0.703125 0.32578125 0.0328125 0.0125
4 0.70390625 0.3453125 0.028125 0.0140625
16 0.8109375 0.36796875 0.0609375 0.0125
2 0.22421875 0.559375 0.09375 0.03125
19 0.06796875 0.76015625 0.084375 0.0171875
8 0.01015625 0.696875 0.0203125 0.021875
17 0.07421875 0.94921875 0.0640625 0.01875
1 0.52734375 0.5140625 0.0796875 0.009375
9 0.48828125 0.5703125 0.0171875 0.0140625
4 0.76796875 0.57578125 0.0296875 0.0125
14 0.5 0.59140625 0.046875 0.0125
19 0.6953125 0.59609375 0.0734375 0.015625
8 0.89453125 0.59609375 0.046875 0.015625
19 0.60390625 0.61328125 0.071875 0.0171875
6 0.79140625 0.615625 0.025 0.0125
19 0.51328125 0.63203125 0.0734375 0.0140625
0 0.71015625 0.63359375 0.01875 0.015625
4 0.50703125 0.65078125 0.028125 0.0125
13 0.75859375 0.65546875 0.04375 0.015625
19 0.9578125 0.66015625 0.06875 0.0171875
7 0.6265625 0.671875 0.046875 0.0171875
19 0.83359375 0.6765625 0.0703125 0.0140625
6 0.48828125 0.6890625 0.0265625 0.0125
19 0.7671875 0.6953125 0.0734375 0.015625
17 0.87578125 0.81796875 0.0515625 0.015625
17 0.9640625 0.83828125 0.0515625 0.0140625
18 0.9609375 0.89921875 0.0515625 0.015625
4 0.70390625 0.91328125 0.028125 0.0125
4 0.70234375 0.93359375 0.03125 0.0125
16 0.8078125 0.9578125 0.05625 0.01875