2 0.1875 0.07890625 0.0984375 0.02265625
11 0.5234375 0.07265625 0.14921875 0.0140625
3 0.72734375 0.071875 0.03125 0.0125
5 0.87265625 0.0703125 0.01796875 0.0140625
15 0.41015625 0.09296875 0.02890625 0.0140625
10 0.49609375 0.0953125 0.07109375 0.01484375
12 0.66328125 0.0921875 0.04921875 0.0109375
5 0.39140625 0.11484375 0.0234375 0.01328125
1 0.43828125 0.13515625 0.09140625 0.015625
9 0.38828125 0.19765625 0.01640625 0.0140625
4 0.7296875 0.1984375 0.034375 0.01171875
14 0.4046875 0.21953125 0.053125 0.0125
19 0.64453125 0.2203125 0.0890625 0.01328125
8 0.8828125 0.21953125 0.05625 0.01484375
19 0.53046875 0.2421875 0.0890625 0.01328125
6 0.75703125 0.240625 0.02578125 0.01328125
19 0.42109375 0.2625 0.0875 0.0125
0 0.6609375 0.26171875 0.01875 0.01328125
4 0.41328125 0.2828125 0.03828125 0.01484375
13 0.721875 0.28359375 0.053125 0.01171875
19 0.96015625 0.284375 0.078125 0.0140625
7 0.559375 0.3046875 0.05625 0.015625
19 0.8140625 0.30546875 0.0859375 0.01328125
6 0.38984375 0.3234375 0.02890625 0.01171875
19 0.73046875 0.32578125 0.08828125 0.01015625
17 0.86171875 0.4546875 0.0609375 0.01328125
17 0.97109375 0.478125 0.0578125 0.01328125
18 0.9671875 0.540625 0.05859375 0.0140625
4 0.653125 0.559375 0.0328125 0.01171875
4 0.653125 0.58125 0.03984375 0.01796875
16 0.77890625 0.603125 0.0796875 0.01875