8 0.2 0.01640625 0.05625 0.021875
6 0.0734375 0.03359375 0.0328125 0.0171875
19 0.2796875 0.08203125 0.09375 0.025
19 0.1296875 0.09765625 0.0890625 0.0234375
19 0.04453125 0.11640625 0.0890625 0.0203125
13 0.03359375 0.07421875 0.05625 0.0171875
17 0.1765625 0.25078125 0.065625 0.01875
17 0.28515625 0.2765625 0.065625 0.0203125
18 0.27734375 0.3390625 0.065625 0.0203125
16 0.08984375 0.39765625 0.071875 0.0203125
4 0.7328125 0.0234375 0.034375 0.01875
19 0.64453125 0.040625 0.0828125 0.01875
19 0.5640625 0.059375 0.028125 0.01875
19 0.953125 0.11484375 0.084375 0.01875
19 0.809375 0.1328125 0.0875 0.01875
19 0.72734375 0.14921875 0.08125 0.01875
8 0.87890625 0.05 0.05625 0.021875
6 0.75546875 0.06484375 0.0296875 0.015625
0 0.6625 0.0828125 0.0234375 0.015625
13 0.72109375 0.10625 0.05625 0.0234375
7 0.57109375 0.121875 0.0421875 0.015625
17 0.853125 0.28359375 0.059375 0.0203125
17 0.95625 0.30390625 0.0640625 0.01875
4 0.6515625 0.3796875 0.034375 0.015625
4 0.65078125 0.4015625 0.0390625 0.015625
16 0.771875 0.42890625 0.06875 0.015625
18 0.95234375 0.37109375 0.065625 0.0203125
15 0.0125 0.51484375 0.0203125 0.009375
10 0.08984375 0.51796875 0.0640625 0.0171875
12 0.23203125 0.52109375 0.0421875 0.0140625
5 0.003125 0.534375 0.00625 0.0125
1 0.0375 0.55546875 0.075 0.0171875
4 0.28984375 0.621875 0.0296875 0.0140625
14 0.015625 0.6359375 0.03125 0.0125
19 0.2125 0.63984375 0.0734375 0.0171875
8 0.42265625 0.6453125 0.0453125 0.0171875
19 0.11484375 0.6578125 0.0765625 0.015625
6 0.3140625 0.66328125 0.025 0.0125
19 0.0296875 0.67578125 0.059375 0.0171875
0 0.23125 0.68046875 0.01875 0.0140625
4 0.01640625 0.69609375 0.03125 0.0125
13 0.28203125 0.7046875 0.046875 0.015625
19 0.49140625 0.70703125 0.078125 0.01875
7 0.14140625 0.71953125 0.046875 0.0171875
19 0.36328125 0.725 0.071875 0.01875
6 0.00390625 0.73515625 0.0078125 0.0140625
19 0.28984375 0.74296875 0.0765625 0.015625
17 0.40234375 0.8671875 0.053125 0.0171875
17 0.49765625 0.8890625 0.05625 0.015625
18 0.49140625 0.9484375 0.05625 0.0171875
4 0.221875 0.9625 0.03125 0.0140625
4 0.22109375 0.98359375 0.03125 0.0140625
17 0.915625 0.575 0.0609375 0.0203125