9 0.20234375 0.0078125 0.01875 0.015625
4 0.228125 0.09140625 0.0390625 0.01875
14 0.21796875 0.02890625 0.059375 0.015625
19 0.4265625 0.028125 0.025 0.015625
19 0.34609375 0.04921875 0.090625 0.015625
19 0.2328125 0.0703125 0.090625 0.01875
6 0.203125 0.13515625 0.03125 0.0171875
7 0.37578125 0.11484375 0.0546875 0.0203125
11 0.596875 0.078125 0.125 0.015625
3 0.76015625 0.078125 0.03125 0.015625
5 0.89453125 0.078125 0.015625 0.015625
15 0.4953125 0.09765625 0.0234375 0.0125
10 0.57421875 0.096875 0.0625 0.0125
12 0.72578125 0.096875 0.040625 0.0140625
5 0.478125 0.115625 0.01875 0.0140625
1 0.5265625 0.1359375 0.084375 0.015625
9 0.47578125 0.1921875 0.01875 0.015625
4 0.77265625 0.19296875 0.0328125 0.015625
14 0.4890625 0.21015625 0.0453125 0.015625
19 0.696875 0.2109375 0.0734375 0.015625
19 0.5921875 0.23125 0.071875 0.0140625
19 0.50390625 0.24765625 0.075 0.015625
8 0.89296875 0.2109375 0.046875 0.015625
6 0.77734375 0.22890625 0.025 0.0125
0 0.71171875 0.2484375 0.01875 0.015625
4 0.496875 0.26640625 0.03125 0.0140625
13 0.771875 0.26796875 0.046875 0.0125
7 0.63046875 0.28671875 0.0453125 0.0125
19 0.96640625 0.26875 0.0671875 0.015625
19 0.83984375 0.28671875 0.075 0.0125
19 0.771875 0.3046875 0.075 0.0125
6 0.478125 0.3046875 0.025 0.0125
17 0.884375 0.42265625 0.053125 0.015625
17 0.9765625 0.43671875 0.046875 0.0046875
5 0.3515625 0.521875 0.025 0.01875
19 0.13203125 0.6671875 0.08125 0.01875
19 0.02578125 0.684375 0.0515625 0.01875
19 0.4203125 0.725 0.0375 0.0125
13 0.21875 0.7265625 0.05 0.0125
19 0.2203125 0.76796875 0.08125 0.01875
18 0.43125 0.9703125 0.015625 0.015625
11 0.0421875 0.52265625 0.084375 0.0171875
3 0.1984375 0.52265625 0.0375 0.015625
10 0.0125 0.54296875 0.025 0.0140625
12 0.16015625 0.54296875 0.046875 0.0171875
4 0.2203125 0.64296875 0.0375 0.015625
8 0.3546875 0.6640625 0.0515625 0.01875
7 0.05703125 0.74453125 0.053125 0.01875
19 0.29453125 0.74609375 0.084375 0.0140625
17 0.3484375 0.89140625 0.05625 0.0203125
4 0.165625 0.98828125 0.0375 0.0171875
6 0.225 0.684375 0.03125 0.0203125
0 0.15234375 0.7046875 0.0234375 0.0203125
2 0.54296875 0.51953125 0.075 0.0203125
11 0.8265625 0.51328125 0.125 0.009375
3 0.99140625 0.5140625 0.0171875 0.015625
15 0.73046875 0.5328125 0.0234375 0.0125
10 0.80625 0.53515625 0.0625 0.0125
12 0.94609375 0.53359375 0.040625 0.0125
5 0.715625 0.55390625 0.0171875 0.0109375
1 0.75390625 0.5734375 0.0765625 0.0140625
9 0.7140625 0.63203125 0.0125 0.0125
4 0.99296875 0.6328125 0.0140625 0.009375
14 0.72734375 0.65234375 0.046875 0.0125
19 0.928125 0.653125 0.071875 0.015625
19 0.83125 0.6734375 0.075 0.0125
19 0.74140625 0.69140625 0.078125 0.0125
0 0.9421875 0.6921875 0.0125 0.0125
4 0.734375 0.7109375 0.03125 0.015625
13 0.984375 0.7109375 0.03125 0.015625
7 0.8578125 0.73203125 0.046875 0.015625
6 0.7140625 0.75 0.025 0.0125
19 0.98125 0.753125 0.0375 0.015625
4 0.9359375 0.9734375 0.028125 0.0125
4 0.93515625 0.99296875 0.03125 0.0125