2 0.2890625 0.09609375 0.078125 0.0296875
5 0.0484375 0.08671875 0.01875 0.01875
19 0.12578125 0.30546875 0.084375 0.0203125
19 0.01796875 0.3203125 0.0359375 0.01875
8 0.03515625 0.23671875 0.0390625 0.01875
17 0.0171875 0.47578125 0.034375 0.0203125
17 0.8671875 0.08046875 0.0546875 0.015625
17 0.9625 0.10390625 0.0546875 0.0125
18 0.95703125 0.16328125 0.0546875 0.0140625
4 0.67890625 0.17421875 0.028125 0.0125
4 0.67734375 0.19296875 0.028125 0.0140625
16 0.78984375 0.21796875 0.0671875 0.0140625
17 0.16640625 0.61875 0.0640625 0.01875
17 0.275 0.64375 0.065625 0.0171875
18 0.26875 0.70703125 0.0671875 0.015625
16 0.08359375 0.7671875 0.0671875 0.015625
4 0.7890625 0.64609375 0.0328125 0.0140625
19 0.6703125 0.66484375 0.0859375 0.0171875
8 0.90546875 0.67265625 0.0578125 0.0171875
19 0.56171875 0.6796875 0.0890625 0.0171875
6 0.7828125 0.68984375 0.0265625 0.015625
19 0.44921875 0.69609375 0.084375 0.015625
0 0.6953125 0.7078125 0.015625 0.0140625
4 0.44140625 0.71875 0.0328125 0.015625
13 0.77734375 0.73359375 0.046875 0.015625
7 0.58203125 0.74921875 0.0515625 0.015625
19 0.97265625 0.7421875 0.0546875 0.015625
19 0.85390625 0.76015625 0.09375 0.0171875
19 0.75859375 0.78046875 0.0875 0.01875
6 0.415625 0.76328125 0.0265625 0.015625
17 0.86328125 0.91953125 0.065625 0.0171875
17 0.52109375 0.9515625 0.0640625 0.01875
14 0.43828125 0.65546875 0.053125 0.01875
9 0.42578125 0.63203125 0.0203125 0.0203125