18 0.3 0.01640625 0.065625 0.01875
4 0.3296875 0.03828125 0.0375 0.01875
4 0.32734375 0.05859375 0.0375 0.015625
16 0.46328125 0.08671875 0.0734375 0.0203125
0 0.45234375 0.32578125 0.0203125 0.0140625
4 0.24921875 0.33125 0.0296875 0.0140625
13 0.5 0.34921875 0.0453125 0.01875
7 0.36796875 0.359375 0.046875 0.0203125
19 0.57421875 0.37421875 0.0703125 0.0171875
6 0.22890625 0.36875 0.0265625 0.0140625
19 0.50703125 0.38984375 0.0734375 0.01875
17 0.609375 0.51796875 0.053125 0.0171875
4 0.43203125 0.60390625 0.028125 0.0140625
4 0.43046875 0.62421875 0.03125 0.0140625
16 0.53359375 0.65390625 0.05625 0.0203125
11 0.925 0.32890625 0.1234375 0.01875
15 0.8296875 0.34296875 0.0234375 0.0109375
10 0.90390625 0.34921875 0.0609375 0.0203125
5 0.8140625 0.359375 0.015625 0.0125
1 0.85 0.3828125 0.0796875 0.01875
9 0.80703125 0.43984375 0.0171875 0.0140625
14 0.81875 0.46015625 0.046875 0.015625
19 0.98984375 0.47265625 0.0203125 0.0171875
19 0.921875 0.48671875 0.071875 0.0171875
19 0.8296875 0.50078125 0.071875 0.0171875
4 0.821875 0.5203125 0.0296875 0.0140625
7 0.93984375 0.5484375 0.0453125 0.0140625
6 0.80078125 0.55703125 0.0265625 0.0140625
4 0.99453125 0.79375 0.0109375 0.015625
4 0.99296875 0.8125 0.0140625 0.0125