5 0.07578125 0.02421875 0.0171875 0.0171875
15 0.09296875 0.00625 0.0265625 0.0125
12 0.34453125 0.0046875 0.0515625 0.009375
10 0.18125 0.00625 0.075 0.0125
1 0.12265625 0.0453125 0.0953125 0.0234375
9 0.0734375 0.10703125 0.025 0.01875
4 0.41171875 0.10234375 0.0328125 0.0171875
14 0.090625 0.12890625 0.05625 0.01875
19 0.32734375 0.125 0.0890625 0.01875
19 0.21484375 0.14765625 0.090625 0.021875
19 0.1078125 0.17109375 0.0875 0.01875
19 0.48046875 0.2078125 0.0578125 0.01875
19 0.41640625 0.2296875 0.0875 0.0171875
6 0.4421875 0.14296875 0.03125 0.0171875
0 0.3453125 0.165625 0.01875 0.0171875
4 0.10078125 0.1921875 0.0359375 0.0140625
4 0.3453125 0.46171875 0.0375 0.0171875
4 0.34453125 0.48203125 0.0375 0.0140625
13 0.40625 0.1859375 0.0609375 0.015625
7 0.24453125 0.209375 0.05625 0.01875
6 0.0765625 0.23125 0.034375 0.015625
16 0.47265625 0.503125 0.071875 0.01875
11 0.63828125 0.03984375 0.125 0.0171875
3 0.8015625 0.03671875 0.03125 0.015625
5 0.9359375 0.034375 0.0171875 0.015625
15 0.53671875 0.0609375 0.0234375 0.0140625
10 0.615625 0.05859375 0.0625 0.0140625
12 0.7671875 0.05625 0.0421875 0.0140625
5 0.5203125 0.07890625 0.01875 0.0140625
1 0.56875 0.0984375 0.084375 0.0171875
9 0.51953125 0.15546875 0.01875 0.015625
4 0.81640625 0.1515625 0.0328125 0.0171875
14 0.5328125 0.1734375 0.0453125 0.0171875
19 0.740625 0.1703125 0.0734375 0.0171875
19 0.6359375 0.19296875 0.0734375 0.015625
19 0.5484375 0.2109375 0.075 0.015625
8 0.93671875 0.1671875 0.046875 0.015625
6 0.82109375 0.1875 0.0265625 0.0140625
0 0.75625 0.2078125 0.01875 0.0171875
4 0.54140625 0.2296875 0.03125 0.0140625
13 0.81640625 0.2265625 0.0484375 0.0140625
7 0.67578125 0.24765625 0.0453125 0.0140625
19 0.9890625 0.2234375 0.021875 0.015625
19 0.88515625 0.24375 0.075 0.0140625
19 0.8171875 0.26328125 0.0765625 0.0140625
6 0.5234375 0.26796875 0.025 0.0125
17 0.93203125 0.37890625 0.053125 0.0171875
4 0.77265625 0.47421875 0.03125 0.015625
4 0.7734375 0.49296875 0.028125 0.0125
16 0.853125 0.51328125 0.05625 0.015625
17 0.13359375 0.5625 0.0640625 0.00625
18 0.24140625 0.61875 0.0625 0.0125
4 0.3375 0.63984375 0.034375 0.0140625
4 0.32109375 0.6625 0.0328125 0.0140625
16 0.415625 0.684375 0.06875 0.0171875
19 0.64140625 0.57578125 0.0765625 0.015625
8 0.85078125 0.571875 0.0484375 0.0125
19 0.546875 0.5984375 0.075 0.0125
19 0.79453125 0.6546875 0.075 0.0125
19 0.9203125 0.63046875 0.0734375 0.0125
19 0.721875 0.67734375 0.075 0.015625
6 0.74296875 0.59296875 0.028125 0.0140625
0 0.6609375 0.61640625 0.01875 0.0140625
13 0.71171875 0.634375 0.0453125 0.0125
7 0.5734375 0.65703125 0.0484375 0.015625
17 0.840625 0.7953125 0.053125 0.015625
17 0.93671875 0.81328125 0.05625 0.015625
18 0.934375 0.87265625 0.0578125 0.015625
4 0.6671875 0.9 0.0328125 0.0140625
4 0.66796875 0.91875 0.0328125 0.0125
16 0.77734375 0.93828125 0.059375 0.0171875