2 0.7703125 0.0734375 0.0984375 0.03125
11 0.1640625 0.065625 0.1578125 0.01953125
3 0.37109375 0.06484375 0.04140625 0.01640625
5 0.5171875 0.06484375 0.01875 0.01484375
5 0.0296875 0.109375 0.02109375 0.01171875
15 0.046875 0.0875 0.028125 0.0171875
10 0.1359375 0.0875 0.07265625 0.015625
12 0.30078125 0.0875 0.05234375 0.01796875
1 0.075 0.1296875 0.0953125 0.01640625
9 0.0296875 0.19375 0.01796875 0.01328125
4 0.37578125 0.19375 0.034375 0.01484375
4 0.3015625 0.553125 0.0390625 0.01796875
4 0.3015625 0.5734375 0.03515625 0.01640625
4 0.0578125 0.2796875 0.034375 0.01484375
14 0.04609375 0.2171875 0.05390625 0.015625
19 0.2828125 0.2125 0.0859375 0.01953125
19 0.16953125 0.23359375 0.0921875 0.01640625
19 0.06171875 0.25859375 0.08515625 0.0125
19 0.61171875 0.27734375 0.090625 0.01953125
19 0.4609375 0.3 0.0875 0.01171875
19 0.37578125 0.32109375 0.08671875 0.015625
8 0.53125 0.21484375 0.05625 0.01875
6 0.4015625 0.234375 0.02890625 0.015625
6 0.03515625 0.321875 0.0328125 0.01640625
0 0.303125 0.25703125 0.01875 0.01953125
13 0.36484375 0.27734375 0.0578125 0.015625
7 0.20234375 0.29921875 0.05859375 0.01640625
17 0.5109375 0.44609375 0.0671875 0.01640625
17 0.6203125 0.46796875 0.06796875 0.0140625
18 0.61953125 0.53046875 0.06796875 0.01484375
16 0.4328125 0.59609375 0.06953125 0.01484375