17 0.2640625 0.05078125 0.0625 0.021875
18 0.371875 0.11796875 0.0734375 0.021875
4 0.39921875 0.1453125 0.0359375 0.0203125
4 0.3984375 0.165625 0.040625 0.0203125
16 0.5296875 0.19375 0.059375 0.01875
4 0.84921875 0.0140625 0.0359375 0.015625
7 0.98203125 0.0421875 0.0359375 0.01875
6 0.825 0.05546875 0.03125 0.0140625
4 0.43671875 0.60390625 0.0328125 0.021875
4 0.43359375 0.625 0.034375 0.0203125
16 0.540625 0.65390625 0.0375 0.0234375
4 0.5625 0.52265625 0.00625 0.0140625
8 0.6828125 0.54765625 0.0484375 0.015625
6 0.5734375 0.56328125 0.025 0.0140625
19 0.7484375 0.6125 0.078125 0.01875
19 0.61875 0.62578125 0.0734375 0.0171875
19 0.5703125 0.6421875 0.021875 0.015625
17 0.65625 0.76953125 0.053125 0.0171875
17 0.74921875 0.79375 0.0546875 0.015625
16 0.58515625 0.90703125 0.0515625 0.0140625
18 0.7421875 0.8546875 0.05625 0.0171875