2 0.15390625 0.07578125 0.08125 0.02421875
11 0.496875 0.07578125 0.15 0.01875
3 0.69140625 0.07578125 0.03828125 0.015625
5 0.8390625 0.0765625 0.0234375 0.01328125
5 0.3671875 0.11640625 0.0203125 0.01484375
15 0.384375 0.0984375 0.0234375 0.01640625
10 0.4796875 0.09921875 0.07109375 0.01484375
12 0.64140625 0.0984375 0.04921875 0.01640625
1 0.41328125 0.140625 0.0921875 0.01875
4 0.72109375 0.20546875 0.0375 0.01484375
14 0.3796875 0.22890625 0.05625 0.01484375
19 0.60703125 0.23046875 0.0859375 0.0140625
19 0.5015625 0.25 0.09375 0.01796875
19 0.39375 0.2703125 0.084375 0.015625
19 0.9234375 0.296875 0.08125 0.01484375
19 0.79296875 0.31640625 0.09375 0.01484375
19 0.69921875 0.3390625 0.0859375 0.01640625
8 0.834375 0.2296875 0.05390625 0.0171875
6 0.7203125 0.25078125 0.02734375 0.01328125
0 0.634375 0.271875 0.01015625 0.015625
4 0.3875 0.29140625 0.03359375 0.01171875
13 0.7171875 0.29375 0.05078125 0.01328125
7 0.52421875 0.315625 0.05234375 0.0171875
17 0.8109375 0.47421875 0.06328125 0.01484375
17 0.47578125 0.51796875 0.0609375 0.01875
18 0.58671875 0.57890625 0.07265625 0.01796875
4 0.615625 0.6046875 0.034375 0.01796875
4 0.61640625 0.625 0.0390625 0.01796875
16 0.75390625 0.64609375 0.06875 0.01484375
9 0.3625 0.2046875 0.01875 0.02109375