11 0.2 0.0109375 0.15625 0.0203125
3 0.40546875 0.0140625 0.0375 0.021875
5 0.54921875 0.00859375 0.025 0.0140625
5 0.071875 0.053125 0.01875 0.0125
15 0.08671875 0.0328125 0.028125 0.015625
10 0.17578125 0.0328125 0.0765625 0.015625
12 0.3421875 0.0328125 0.05625 0.01875
1 0.115625 0.075 0.1 0.01875
9 0.06875 0.13671875 0.0203125 0.01875
4 0.4109375 0.1359375 0.034375 0.0125
4 0.09296875 0.2203125 0.0375 0.015625
4 0.3390625 0.49375 0.034375 0.0125
4 0.3375 0.5140625 0.0359375 0.015625
14 0.084375 0.1578125 0.0625 0.015625
19 0.3234375 0.15703125 0.0875 0.015625
19 0.21171875 0.178125 0.084375 0.01875
19 0.10078125 0.1984375 0.0875 0.0125
19 0.490625 0.2390625 0.0828125 0.0125
19 0.41171875 0.26015625 0.0875 0.015625
8 0.56484375 0.15625 0.05625 0.021875
6 0.43828125 0.17578125 0.028125 0.015625
6 0.07109375 0.2609375 0.0328125 0.01875
0 0.3421875 0.196875 0.021875 0.015625
13 0.40234375 0.21953125 0.05625 0.01875
7 0.23984375 0.2390625 0.05625 0.01875
17 0.546875 0.3859375 0.0625 0.0125
16 0.4640625 0.53359375 0.075 0.0203125
19 0.8890625 0.07421875 0.071875 0.0125
13 0.87578125 0.121875 0.0453125 0.0125
7 0.8734375 0.1390625 0.04375 0.0171875
6 0.86484375 0.15625 0.0234375 0.0109375
19 0.88828125 0.1734375 0.071875 0.009375
17 0.9921875 0.26875 0.015625 0.0125
9 0.86015625 0.02421875 0.015625 0.0140625
17 0.978125 0.55625 0.04375 0.0125
18 0.97890625 0.615625 0.0421875 0.015625
4 0.72421875 0.6359375 0.0265625 0.0125
4 0.72421875 0.6546875 0.028125 0.009375
16 0.828125 0.67578125 0.05625 0.0125