11 0.3703125 0.01015625 0.1625 0.0203125
3 0.5625 0.02109375 0.034375 0.0171875
15 0.2515625 0.02109375 0.0265625 0.0171875
10 0.34921875 0.028125 0.0734375 0.01875
12 0.51328125 0.040625 0.053125 0.0203125
5 0.234375 0.03984375 0.021875 0.0171875
1 0.27890625 0.0625 0.0953125 0.0234375
4 0.57578125 0.1546875 0.0078125 0.015625
19 0.4703125 0.16953125 0.0859375 0.0203125
19 0.3609375 0.18046875 0.0890625 0.0203125
6 0.57421875 0.19765625 0.0109375 0.0171875
19 0.2484375 0.19296875 0.084375 0.01875
0 0.49453125 0.21328125 0.0171875 0.0140625
4 0.23984375 0.215625 0.034375 0.0171875
13 0.56484375 0.24140625 0.0296875 0.0171875
7 0.3796875 0.25078125 0.0515625 0.0171875
19 0.54453125 0.2875 0.0703125 0.021875
6 0.2125 0.259375 0.0265625 0.015625
17 0.31171875 0.45078125 0.065625 0.021875
18 0.4125 0.52109375 0.0625 0.015625
4 0.50625 0.55078125 0.0359375 0.0171875
4 0.4875 0.571875 0.034375 0.015625
16 0.5625 0.5953125 0.034375 0.009375
14 0.23828125 0.15234375 0.0546875 0.0203125
9 0.2265625 0.128125 0.0203125 0.0203125
3 0.853125 0.003125 0.034375 0.00625
5 0.97578125 0.00546875 0.0203125 0.0109375
10 0.64296875 0.00625 0.0640625 0.0125
12 0.79609375 0.01328125 0.04375 0.015625
1 0.61640625 0.03125 0.0734375 0.01875
4 0.95 0.11640625 0.0296875 0.015625
14 0.7203125 0.11953125 0.0484375 0.0171875
8 0.77265625 0.1390625 0.0515625 0.01875
19 0.59453125 0.14375 0.0296875 0.021875
6 0.80625 0.1578125 0.028125 0.015625
19 0.80078125 0.175 0.075 0.01875
4 0.79375 0.190625 0.03125 0.0140625
19 0.8296875 0.20859375 0.0765625 0.01875
19 0.903125 0.23046875 0.071875 0.01875
19 0.5921875 0.24375 0.025 0.01875
17 0.684375 0.3484375 0.0515625 0.01875
17 0.86640625 0.3765625 0.05625 0.0171875
18 0.84453125 0.42421875 0.05 0.01875
4 0.7734375 0.43671875 0.028125 0.0140625
4 0.9328125 0.46171875 0.0296875 0.0140625
6 0.57421875 0.6078125 0.0109375 0.015625
19 0.290625 0.60859375 0.084375 0.0171875
0 0.51328125 0.6171875 0.021875 0.01875
4 0.284375 0.62265625 0.0359375 0.015625
13 0.56484375 0.6421875 0.0296875 0.01875
7 0.42734375 0.65234375 0.0515625 0.021875
6 0.2625 0.66015625 0.034375 0.0203125
19 0.55703125 0.68125 0.0453125 0.01875
4 0.51171875 0.8921875 0.034375 0.015625
4 0.5109375 0.9125 0.034375 0.015625
16 0.5703125 0.93671875 0.01875 0.0203125
17 0.6703125 0.65390625 0.053125 0.0171875
17 0.8515625 0.68359375 0.05 0.0171875
18 0.82734375 0.73046875 0.05 0.01875
4 0.75625 0.7421875 0.0265625 0.0125
4 0.91328125 0.76953125 0.028125 0.0140625
16 0.98828125 0.796875 0.0234375 0.01875