1 0.14765625 0.0046875 0.0921875 0.009375
9 0.09609375 0.0609375 0.0171875 0.0140625
14 0.11171875 0.08359375 0.053125 0.0140625
19 0.31796875 0.0921875 0.0234375 0.015625
19 0.2359375 0.1109375 0.0890625 0.015625
19 0.1265625 0.12734375 0.0875 0.015625
4 0.11796875 0.146875 0.0390625 0.015625
7 0.26328125 0.17421875 0.05625 0.0171875
6 0.09296875 0.18671875 0.0296875 0.0125
19 0.35625 0.003125 0.053125 0.00625
0 0.565625 0.00546875 0.021875 0.0109375
13 0.6265625 0.02578125 0.05 0.0171875
19 0.83515625 0.03203125 0.078125 0.01875
19 0.6984375 0.046875 0.078125 0.015625
19 0.62890625 0.0640625 0.0765625 0.0171875
7 0.47734375 0.040625 0.0484375 0.0171875
4 0.3421875 0.01640625 0.025 0.0171875
17 0.7375 0.1828125 0.05625 0.01875
17 0.8375 0.20625 0.059375 0.0171875
18 0.83359375 0.26328125 0.0625 0.01875
4 0.5671875 0.2734375 0.0328125 0.015625
4 0.565625 0.29140625 0.03125 0.015625
16 0.65 0.31484375 0.0578125 0.015625
4 0.2 0.7265625 0.028125 0.0140625
4 0.1984375 0.74609375 0.03125 0.0125
16 0.303125 0.77109375 0.053125 0.0171875
2 0.98515625 0.5796875 0.0296875 0.021875
10 0.39453125 0.571875 0.0734375 0.00625
12 0.5578125 0.575 0.05 0.0125
1 0.3546875 0.60703125 0.05 0.0171875
4 0.62734375 0.68046875 0.0390625 0.015625
19 0.53671875 0.6984375 0.0890625 0.0171875
19 0.42578125 0.7171875 0.09375 0.0171875
19 0.34453125 0.73359375 0.0296875 0.0203125
19 0.8546875 0.7703125 0.0921875 0.0203125
19 0.709375 0.7890625 0.090625 0.0203125
19 0.6234375 0.80625 0.0890625 0.01875
8 0.77890625 0.7046875 0.059375 0.01875
6 0.6546875 0.72265625 0.03125 0.015625
0 0.55625 0.73984375 0.021875 0.0203125
13 0.615625 0.76328125 0.05625 0.0171875
7 0.4578125 0.7796875 0.059375 0.01875
17 0.75546875 0.9390625 0.065625 0.01875
17 0.86171875 0.9625 0.0640625 0.0203125