4 0.15234375 0.1515625 0.040625 0.0203125
4 0.15390625 0.17109375 0.0359375 0.01875
17 0.35390625 0.0296875 0.06875 0.0203125
16 0.28671875 0.18515625 0.0703125 0.0203125
5 0.4984375 0.06796875 0.0171875 0.0140625
4 0.47265625 0.1828125 0.03125 0.0140625
0 0.565625 0.24453125 0.0171875 0.0140625
19 0.4375 0.3046875 0.078125 0.0171875
17 0.41171875 0.45234375 0.0453125 0.0171875
18 0.41875 0.49765625 0.059375 0.0046875
2 0.73515625 0.05859375 0.0578125 0.021875
19 0.58671875 0.1953125 0.0828125 0.0234375
17 0.09921875 0.5703125 0.05625 0.0171875
17 0.19296875 0.58203125 0.05625 0.0171875
18 0.19609375 0.64296875 0.0578125 0.0203125
16 0.04140625 0.715625 0.059375 0.0171875
5 0.7078125 0.5078125 0.01875 0.015625
1 0.75546875 0.5265625 0.0953125 0.028125
9 0.709375 0.590625 0.025 0.0203125
14 0.72734375 0.6109375 0.0578125 0.0203125
19 0.959375 0.59453125 0.08125 0.0234375
19 0.853125 0.6234375 0.0921875 0.0265625
19 0.746875 0.65234375 0.0875 0.0234375
0 0.98359375 0.63515625 0.0203125 0.01875
4 0.74140625 0.6734375 0.0359375 0.0171875
4 0.98984375 0.93046875 0.0203125 0.0203125
4 0.98984375 0.95078125 0.0203125 0.0171875
7 0.88515625 0.68359375 0.0578125 0.0203125
6 0.71875 0.7140625 0.034375 0.0171875