4 0.15234375 0.00234375 0.0359375 0.0046875
19 0.06796875 0.01484375 0.084375 0.01875
19 0.23046875 0.10625 0.084375 0.0171875
19 0.15 0.12421875 0.0859375 0.01875
19 0.37109375 0.090625 0.0890625 0.0203125
8 0.2984375 0.02421875 0.0546875 0.021875
6 0.178125 0.04140625 0.0328125 0.0171875
0 0.084375 0.0578125 0.0203125 0.0171875
13 0.1421875 0.0828125 0.053125 0.01875
7 0.00859375 0.096875 0.0171875 0.01875
17 0.271875 0.2578125 0.059375 0.0171875
17 0.37578125 0.28125 0.0625 0.01875
18 0.3671875 0.3453125 0.059375 0.01875
4 0.0765625 0.3578125 0.0375 0.015625
4 0.07421875 0.378125 0.0359375 0.015625
16 0.1953125 0.4046875 0.0671875 0.01875
19 0.83828125 0.0390625 0.0796875 0.0171875
19 0.709375 0.0546875 0.071875 0.015625
19 0.634375 0.0703125 0.0734375 0.0171875
0 0.578125 0.0078125 0.0171875 0.0140625
13 0.62890625 0.0296875 0.0484375 0.015625
7 0.5 0.04375 0.021875 0.01875
17 0.74453125 0.19765625 0.053125 0.0171875
17 0.840625 0.21953125 0.0578125 0.015625
18 0.83515625 0.2796875 0.0625 0.0171875
4 0.565625 0.28984375 0.034375 0.0140625
4 0.56328125 0.31015625 0.03125 0.0125
16 0.671875 0.334375 0.0578125 0.021875
18 0.12890625 0.634375 0.0609375 0.0125
4 0.2265625 0.6609375 0.0359375 0.0140625
4 0.20625 0.68125 0.03125 0.0140625
16 0.30234375 0.70625 0.0671875 0.01875
13 0.9609375 0.615625 0.05 0.0125
7 0.81328125 0.62890625 0.0515625 0.0203125
6 0.64921875 0.6421875 0.034375 0.0203125
19 0.9609375 0.653125 0.078125 0.015625
4 0.90625 0.865625 0.0328125 0.015625
4 0.90625 0.8859375 0.034375 0.0140625
16 0.978125 0.90703125 0.04375 0.0171875