1 0.03046875 0.02734375 0.0609375 0.0203125
4 0.3203125 0.07578125 0.034375 0.015625
4 0.009375 0.18125 0.01875 0.015625
14 0.00703125 0.11953125 0.0140625 0.0171875
19 0.2078125 0.10625 0.0828125 0.01875
19 0.10859375 0.13203125 0.084375 0.0203125
19 0.02265625 0.16015625 0.0453125 0.0203125
19 0.51484375 0.15234375 0.0703125 0.0203125
19 0.39296875 0.18203125 0.0859375 0.01875
19 0.30703125 0.2109375 0.0796875 0.01875
6 0.32109375 0.12109375 0.025 0.015625
0 0.2390625 0.1453125 0.0140625 0.0140625
13 0.321875 0.1640625 0.05 0.0171875
7 0.13828125 0.196875 0.05 0.01875
8 0.43125 0.090625 0.0515625 0.01875
17 0.42421875 0.340625 0.0578125 0.0203125
17 0.10625 0.40390625 0.059375 0.0171875
18 0.21328125 0.46015625 0.0578125 0.01875
4 0.246875 0.478125 0.0359375 0.015625
4 0.24609375 0.50234375 0.034375 0.01875
16 0.38203125 0.5125 0.0640625 0.01875
17 0.96328125 0.0203125 0.0609375 0.0171875
4 0.7609375 0.1359375 0.0328125 0.0140625
4 0.76171875 0.1578125 0.040625 0.0203125
16 0.88828125 0.17265625 0.08125 0.0234375
5 0.215625 0.57890625 0.0203125 0.015625
1 0.265625 0.59921875 0.0921875 0.021875
4 0.2484375 0.75625 0.0328125 0.01875
14 0.2390625 0.6921875 0.0484375 0.0171875
19 0.4640625 0.67890625 0.0875 0.0171875
19 0.36015625 0.70390625 0.090625 0.0171875
19 0.25390625 0.73359375 0.084375 0.0203125
19 0.53515625 0.78359375 0.0296875 0.0171875
0 0.4953125 0.7203125 0.021875 0.01875
7 0.38828125 0.76953125 0.0546875 0.01875
6 0.23125 0.80234375 0.0296875 0.015625
17 0.359375 0.97890625 0.065625 0.01875
9 0.22265625 0.66875 0.01875 0.015625
9 0.8265625 0.58125 0.01875 0.0171875
14 0.840625 0.59921875 0.0453125 0.01875
19 0.94453125 0.61484375 0.0734375 0.0171875
19 0.85703125 0.63515625 0.075 0.01875
4 0.8515625 0.6546875 0.03125 0.015625
7 0.98125 0.6671875 0.0375 0.015625
6 0.834375 0.69375 0.025 0.0125