2 0.17109375 0.06796875 0.09375 0.02578125
11 0.50703125 0.06171875 0.15078125 0.01875
3 0.70625 0.0609375 0.03984375 0.0171875
5 0.84921875 0.05859375 0.025 0.01484375
15 0.39375 0.0828125 0.02734375 0.015625
12 0.64453125 0.08359375 0.053125 0.01953125
5 0.378125 0.10390625 0.021875 0.01484375
1 0.42109375 0.12578125 0.09375 0.02109375
10 0.48203125 0.084375 0.06953125 0.01484375
9 0.37421875 0.1875 0.02109375 0.01796875
4 0.7109375 0.1875 0.034375 0.01640625
4 0.40078125 0.27265625 0.03671875 0.01484375
4 0.640625 0.55234375 0.03515625 0.01484375
4 0.6390625 0.5734375 0.03515625 0.01484375
14 0.39140625 0.20859375 0.05546875 0.01953125
19 0.62421875 0.209375 0.08515625 0.01875
19 0.51484375 0.23125 0.08515625 0.01796875
19 0.40546875 0.25078125 0.0875 0.015625
19 0.93984375 0.27265625 0.084375 0.01875
19 0.79296875 0.29375 0.08515625 0.01640625
19 0.71328125 0.315625 0.08671875 0.01796875
8 0.86171875 0.20625 0.05703125 0.0203125
6 0.7390625 0.23046875 0.03046875 0.0140625
6 0.37734375 0.31484375 0.03359375 0.01796875
0 0.6421875 0.2515625 0.025 0.01875
13 0.703125 0.2734375 0.05703125 0.01640625
7 0.54375 0.29453125 0.05859375 0.0171875
17 0.84296875 0.4453125 0.06328125 0.01796875
17 0.94921875 0.46796875 0.0625 0.01796875
18 0.94921875 0.53125 0.06328125 0.015625
16 0.76328125 0.5953125 0.07109375 0.0203125