2 0.165625 0.0796875 0.09921875 0.028125
11 0.5015625 0.06953125 0.15234375 0.015625
3 0.70234375 0.0671875 0.0359375 0.015625
5 0.8484375 0.065625 0.01640625 0.01875
15 0.3875 0.0921875 0.025 0.01328125
12 0.640625 0.08984375 0.0546875 0.01484375
5 0.37109375 0.1125 0.02109375 0.015625
1 0.4171875 0.134375 0.09765625 0.01640625
9 0.37109375 0.1984375 0.025 0.01796875
4 0.7109375 0.1953125 0.034375 0.0140625
14 0.384375 0.2203125 0.059375 0.01484375
19 0.62421875 0.21796875 0.08671875 0.015625
8 0.8609375 0.2140625 0.05546875 0.01484375
19 0.51171875 0.23984375 0.090625 0.0171875
6 0.7375 0.2375 0.0265625 0.01796875
19 0.40234375 0.2609375 0.0890625 0.0140625
0 0.6421875 0.259375 0.01953125 0.01484375
4 0.3953125 0.28203125 0.03515625 0.0140625
13 0.70390625 0.2796875 0.053125 0.01484375
19 0.940625 0.28046875 0.08984375 0.0171875
7 0.54140625 0.30234375 0.0578125 0.015625
19 0.79296875 0.30078125 0.08671875 0.0171875
6 0.3734375 0.32421875 0.03046875 0.0125
19 0.7125 0.32421875 0.08984375 0.0140625
10 0.475 0.09296875 0.071875 0.0171875
17 0.8453125 0.45234375 0.0640625 0.0171875
17 0.9515625 0.47265625 0.0640625 0.01953125
18 0.95 0.53671875 0.065625 0.01796875
4 0.64140625 0.559375 0.03515625 0.01640625
4 0.63984375 0.58046875 0.03671875 0.01796875
16 0.76640625 0.6015625 0.07734375 0.02109375