2 0.7359375 0.0765625 0.06640625 0.02265625
11 0.175 0.07734375 0.14453125 0.0140625
3 0.36328125 0.075 0.0359375 0.01640625
5 0.5046875 0.07578125 0.01796875 0.01484375
15 0.06953125 0.10078125 0.0234375 0.01484375
10 0.1609375 0.10078125 0.0671875 0.01640625
12 0.31796875 0.0984375 0.05078125 0.01484375
5 0.0546875 0.1203125 0.0171875 0.0140625
1 0.1 0.14296875 0.0890625 0.01484375
9 0.053125 0.20859375 0.01171875 0.01484375
4 0.396875 0.20625 0.02890625 0.0125
4 0.07734375 0.2953125 0.03125 0.0125
14 0.0703125 0.23125 0.04765625 0.01328125
19 0.2859375 0.23046875 0.08046875 0.0125
19 0.18515625 0.25078125 0.08671875 0.0171875
19 0.08515625 0.2734375 0.07578125 0.015625
19 0.5875 0.29375 0.07890625 0.0140625
19 0.4625 0.31640625 0.0875 0.0140625
8 0.50546875 0.23046875 0.04765625 0.0140625
6 0.39375 0.25 0.0265625 0.0125
6 0.05703125 0.33984375 0.02734375 0.0140625
0 0.31328125 0.27265625 0.015625 0.0140625
13 0.390625 0.29453125 0.04140625 0.01171875
7 0.21015625 0.3171875 0.0484375 0.0125
19 0.375 0.340625 0.08125 0.0140625
17 0.4796875 0.47421875 0.059375 0.015625
17 0.165625 0.5203125 0.05859375 0.015625
18 0.2671875 0.5828125 0.05625 0.01640625
4 0.296875 0.6015625 0.03203125 0.01484375
4 0.296875 0.625 0.034375 0.0140625
16 0.43046875 0.64375 0.065625 0.01171875