19 0.11015625 0.1578125 0.09375 0.021875
8 0.0296875 0.09375 0.0546875 0.0203125
17 0.0234375 0.33125 0.046875 0.01875
17 0.1203125 0.35 0.0625 0.01875
18 0.1171875 0.41171875 0.065625 0.0140625
17 0.559375 0.0046875 0.053125 0.009375
17 0.75 0.02109375 0.05625 0.0140625
18 0.75703125 0.07265625 0.0625 0.0125
4 0.65546875 0.0875 0.0296875 0.0125
4 0.82734375 0.10625 0.03125 0.0125
16 0.9328125 0.1265625 0.05625 0.0125
15 0.18671875 0.42421875 0.0234375 0.0109375
10 0.2671875 0.4234375 0.059375 0.009375
12 0.41875 0.4234375 0.04375 0.009375
5 0.17265625 0.4421875 0.015625 0.015625
1 0.2203125 0.4609375 0.0828125 0.015625
9 0.171875 0.51796875 0.015625 0.0171875
14 0.1859375 0.5375 0.046875 0.015625
19 0.39296875 0.53671875 0.071875 0.015625
19 0.2875 0.55625 0.071875 0.0125
19 0.1984375 0.57421875 0.071875 0.0125
0 0.4078125 0.5734375 0.015625 0.0125
6 0.17578125 0.63203125 0.0265625 0.0125
19 0.440625 0.63046875 0.01875 0.0140625
4 0.42109375 0.83984375 0.028125 0.0125
4 0.4234375 0.86015625 0.03125 0.0125
7 0.3265625 0.6125 0.0453125 0.015625
4 0.19375 0.59375 0.025 0.0125
17 0.74140625 0.515625 0.0546875 0.0171875
17 0.84296875 0.53359375 0.059375 0.015625
18 0.840625 0.59140625 0.059375 0.0171875
4 0.571875 0.60859375 0.034375 0.015625
4 0.57109375 0.62890625 0.03125 0.0171875
16 0.65703125 0.6484375 0.059375 0.0171875