14 0.084375 0.2203125 0.05234375 0.01484375
11 0.20546875 0.071875 0.1578125 0.0203125
3 0.41015625 0.0734375 0.034375 0.0171875
5 0.56484375 0.0734375 0.025 0.01640625
15 0.09140625 0.0921875 0.02734375 0.015625
10 0.1921875 0.0921875 0.0703125 0.0140625
12 0.359375 0.09296875 0.0578125 0.01796875
5 0.07578125 0.1109375 0.021875 0.0140625
1 0.1203125 0.13203125 0.1 0.01484375
4 0.44296875 0.2015625 0.03515625 0.0140625
19 0.32109375 0.22265625 0.0875 0.0125
8 0.5578125 0.22578125 0.0515625 0.0171875
19 0.2109375 0.23984375 0.090625 0.015625
6 0.4390625 0.24296875 0.028125 0.01328125
19 0.1 0.2609375 0.08515625 0.01328125
0 0.35 0.26328125 0.02109375 0.0140625
4 0.08984375 0.28125 0.03046875 0.01328125
13 0.434375 0.2859375 0.05078125 0.0140625
19 0.64609375 0.29140625 0.08671875 0.0140625
19 0.509375 0.31015625 0.09140625 0.01484375
19 0.41484375 0.33203125 0.08828125 0.0125
7 0.234375 0.30546875 0.0515625 0.015625
6 0.06796875 0.3265625 0.02734375 0.01171875
17 0.52578125 0.465625 0.0640625 0.0140625
17 0.18125 0.503125 0.06171875 0.0140625
18 0.2890625 0.56484375 0.06015625 0.01015625
4 0.3875 0.58828125 0.03515625 0.01328125
4 0.36796875 0.609375 0.03125 0.01328125
16 0.46484375 0.63125 0.0671875 0.0171875
2 0.815625 0.0796875 0.0828125 0.0296875
9 0.06953125 0.19765625 0.0203125 0.01796875