17 0.07890625 0.1234375 0.065625 0.021875
17 0.17421875 0.13828125 0.0296875 0.0203125
18 0.17265625 0.20234375 0.0328125 0.0234375
16 0.02109375 0.27578125 0.0421875 0.0203125
17 0.5265625 0.03203125 0.0625 0.021875
18 0.640625 0.08671875 0.0734375 0.021875
4 0.67109375 0.1109375 0.0359375 0.0203125
4 0.67265625 0.13125 0.040625 0.0203125
16 0.8109375 0.1453125 0.06875 0.01875
8 0.0203125 0.49296875 0.040625 0.0171875
19 0.10078125 0.5453125 0.078125 0.0171875
17 0.02265625 0.70546875 0.0453125 0.0203125
17 0.121875 0.71953125 0.0546875 0.0171875
18 0.12265625 0.7765625 0.059375 0.015625
14 0.2015625 0.57890625 0.025 0.0203125
19 0.4203125 0.56875 0.0828125 0.0234375
19 0.29921875 0.5921875 0.084375 0.0234375
19 0.734375 0.61015625 0.0859375 0.0171875
19 0.215625 0.61875 0.053125 0.015625
4 0.20234375 0.63984375 0.0265625 0.0140625
13 0.51015625 0.6234375 0.05 0.015625
19 0.5140625 0.66484375 0.08125 0.0234375
17 0.75859375 0.79375 0.0609375 0.01875
18 0.7578125 0.8546875 0.0609375 0.01875
16 0.56796875 0.92578125 0.0625 0.0171875
10 0.27109375 0.453125 0.0734375 0.0171875
12 0.44140625 0.44609375 0.0484375 0.0140625
1 0.228125 0.49609375 0.078125 0.0203125
4 0.50703125 0.53984375 0.0375 0.0171875
8 0.6421875 0.55390625 0.053125 0.021875
7 0.34921875 0.65 0.0546875 0.021875
19 0.58671875 0.6390625 0.084375 0.01875
6 0.1953125 0.68125 0.0125 0.021875
17 0.6484375 0.78125 0.0578125 0.0234375
4 0.4703125 0.8875 0.0375 0.01875
4 0.4703125 0.9078125 0.0328125 0.0171875
6 0.5140625 0.58125 0.0328125 0.021875
0 0.4421875 0.60546875 0.025 0.021875