2 0.72890625 0.06796875 0.09296875 0.0296875
11 0.15 0.06015625 0.15078125 0.01875
3 0.3484375 0.05859375 0.03515625 0.0140625
5 0.4890625 0.0578125 0.01875 0.01328125
5 0.021875 0.10390625 0.01640625 0.01484375
15 0.03671875 0.08203125 0.025 0.0125
10 0.12421875 0.08046875 0.07109375 0.01484375
12 0.2828125 0.07734375 0.05 0.015625
1 0.065625 0.12265625 0.0890625 0.0171875
9 0.021875 0.1875 0.01875 0.0171875
4 0.353125 0.1875 0.034375 0.0171875
4 0.0484375 0.2734375 0.034375 0.0171875
14 0.03671875 0.209375 0.05234375 0.0140625
19 0.265625 0.2078125 0.08203125 0.01640625
19 0.15859375 0.23046875 0.084375 0.01640625
19 0.5765625 0.27109375 0.08359375 0.01640625
19 0.43359375 0.29453125 0.0875 0.01640625
19 0.05390625 0.25078125 0.08046875 0.015625
19 0.35234375 0.31328125 0.08125 0.015625
8 0.5 0.209375 0.05546875 0.0203125
6 0.37734375 0.228125 0.02890625 0.01484375
0 0.28515625 0.24921875 0.0234375 0.0140625
13 0.34453125 0.27109375 0.05546875 0.02109375
7 0.1875 0.2921875 0.05703125 0.01328125
6 0.02734375 0.315625 0.02890625 0.01328125
17 0.48203125 0.44375 0.059375 0.01875
17 0.5859375 0.46015625 0.0640625 0.0171875
4 0.284375 0.546875 0.034375 0.01484375
4 0.284375 0.56875 0.03828125 0.01484375
16 0.40625 0.59140625 0.06875 0.01328125
18 0.584375 0.52734375 0.065625 0.01875