4 0.171875 0.115625 0.034375 0.0125
4 0.1703125 0.1359375 0.0359375 0.015625
17 0.3796875 0.0078125 0.0625 0.0125
17 0.4859375 0.03125 0.065625 0.01875
18 0.4859375 0.0921875 0.0609375 0.015625
16 0.296875 0.15546875 0.075 0.0203125
18 0.8125 0.02890625 0.0640625 0.015625
4 0.84375 0.04921875 0.0359375 0.015625
4 0.84296875 0.06953125 0.0375 0.0125
16 0.971875 0.0875 0.05625 0.015625
4 0.33515625 0.4234375 0.0328125 0.009375
7 0.46953125 0.4453125 0.05 0.015625
17 0.42734375 0.65 0.059375 0.015625
18 0.51015625 0.7109375 0.0171875 0.015625
6 0.31640625 0.46875 0.0265625 0.015625
19 0.8828125 0.4328125 0.071875 0.0125
19 0.81328125 0.45234375 0.071875 0.0125
7 0.6703125 0.43203125 0.04375 0.0140625
6 0.53046875 0.4515625 0.0234375 0.0125
17 0.925 0.5734375 0.0546875 0.015625
17 0.99453125 0.59375 0.0109375 0.0125
18 0.99375 0.65234375 0.0125 0.0140625
4 0.753125 0.6734375 0.028125 0.0140625
4 0.753125 0.69296875 0.03125 0.0125
16 0.8578125 0.7140625 0.0546875 0.0125