2 0.72421875 0.07578125 0.09140625 0.02890625
11 0.15625 0.0671875 0.1453125 0.0171875
3 0.35078125 0.06796875 0.0375 0.0140625
5 0.4921875 0.06875 0.02265625 0.015625
5 0.03203125 0.11171875 0.021875 0.01640625
15 0.046875 0.090625 0.02109375 0.01484375
10 0.1296875 0.0890625 0.0703125 0.0140625
12 0.28671875 0.08984375 0.05 0.0203125
1 0.07421875 0.13046875 0.0875 0.015625
9 0.03125 0.19765625 0.01484375 0.01953125
4 0.35546875 0.19609375 0.0359375 0.0140625
14 0.046875 0.21796875 0.0484375 0.0171875
19 0.271875 0.21640625 0.084375 0.01640625
19 0.165625 0.2390625 0.08828125 0.0203125
19 0.0609375 0.2609375 0.0828125 0.015625
19 0.4375 0.30234375 0.084375 0.01484375
19 0.3578125 0.32265625 0.08515625 0.01640625
19 0.57734375 0.28125 0.08828125 0.0171875
8 0.50234375 0.21796875 0.05390625 0.01953125
6 0.3828125 0.2390625 0.0328125 0.01640625
6 0.03671875 0.32421875 0.03203125 0.01640625
0 0.28984375 0.25859375 0.01953125 0.0171875
13 0.3484375 0.28203125 0.05234375 0.01640625
7 0.19609375 0.3015625 0.05625 0.0171875
17 0.484375 0.45234375 0.059375 0.015625
17 0.5890625 0.471875 0.06171875 0.01640625
18 0.5828125 0.5359375 0.059375 0.0171875
4 0.2921875 0.55859375 0.03671875 0.0140625
4 0.290625 0.57890625 0.0359375 0.01484375
16 0.4125 0.6015625 0.0671875 0.0171875