4 0.37578125 0.02421875 0.028125 0.0125
4 0.37578125 0.04453125 0.03125 0.0140625
16 0.48203125 0.06171875 0.05625 0.0203125
4 0.55390625 0.01328125 0.0078125 0.0171875
13 0.8765625 0.003125 0.046875 0.00625
7 0.684375 0.03046875 0.0515625 0.0171875
19 0.9546875 0.0171875 0.090625 0.01875
19 0.86328125 0.04609375 0.0875 0.0203125
17 0.97265625 0.175 0.0546875 0.01875
17 0.64140625 0.2375 0.065625 0.0203125
2 0.27265625 0.278125 0.0828125 0.01875
5 0.06171875 0.28125 0.0171875 0.0140625
8 0.08203125 0.42109375 0.046875 0.01875
19 0.1546875 0.4765625 0.078125 0.015625
19 0.0328125 0.503125 0.065625 0.015625
17 0.08125 0.64296875 0.0515625 0.015625
17 0.17578125 0.65703125 0.053125 0.015625
18 0.178125 0.7171875 0.059375 0.0171875
16 0.02734375 0.7875 0.0546875 0.015625
11 0.71640625 0.2765625 0.1234375 0.015625
3 0.884375 0.2703125 0.028125 0.003125
15 0.62421875 0.30234375 0.0234375 0.0109375
10 0.6984375 0.3 0.059375 0.01875
12 0.83359375 0.28984375 0.0453125 0.015625
5 0.61015625 0.3203125 0.0140625 0.0125
1 0.6484375 0.3390625 0.0796875 0.0171875
9 0.6125 0.40078125 0.015625 0.0140625
4 0.8953125 0.38515625 0.0296875 0.0125
14 0.62734375 0.4203125 0.046875 0.015625
19 0.82421875 0.40859375 0.071875 0.015625
19 0.7328125 0.43359375 0.071875 0.015625
19 0.64296875 0.459375 0.071875 0.015625
19 0.9671875 0.48046875 0.065625 0.0140625
19 0.90234375 0.50390625 0.071875 0.0140625
6 0.91953125 0.4234375 0.0234375 0.0140625
0 0.84140625 0.446875 0.0171875 0.0140625
4 0.63828125 0.47890625 0.0296875 0.0125
13 0.89296875 0.465625 0.046875 0.015625
7 0.75859375 0.49296875 0.0453125 0.0125
6 0.62109375 0.51796875 0.0265625 0.0140625
4 0.85234375 0.728125 0.0296875 0.015625
4 0.8515625 0.746875 0.0296875 0.0109375
16 0.95859375 0.76484375 0.05625 0.01875