2 0.14609375 0.06875 0.0515625 0.01875
11 0.46953125 0.090625 0.13125 0.0203125
15 0.3515625 0.1 0.025 0.0109375
10 0.4328125 0.103125 0.0609375 0.0171875
12 0.57734375 0.115625 0.0234375 0.015625
5 0.33359375 0.11328125 0.01875 0.0140625
1 0.396875 0.13515625 0.090625 0.015625
14 0.51171875 0.221875 0.046875 0.015625
8 0.5640625 0.2421875 0.05 0.01875
6 0.5859375 0.259375 0.00625 0.015625
4 0.57890625 0.29140625 0.0203125 0.0140625
13 0.3359375 0.2890625 0.046875 0.0140625
7 0.33359375 0.30625 0.0453125 0.01875
6 0.321875 0.32265625 0.0234375 0.0109375
19 0.3453125 0.33984375 0.078125 0.01875
17 0.46640625 0.44375 0.0515625 0.015625
4 0.55546875 0.5328125 0.0296875 0.0125
9 0.32578125 0.1921875 0.015625 0.0125
19 0.35390625 0.24296875 0.078125 0.01875
19 0.56953125 0.275 0.0390625 0.01875
11 0.64765625 0.025 0.1171875 0.021875
3 0.82265625 0.03828125 0.028125 0.015625
5 0.95390625 0.0484375 0.01875 0.0140625
10 0.609375 0.04140625 0.040625 0.0203125
12 0.7625 0.0515625 0.0453125 0.015625
1 0.5984375 0.071875 0.01875 0.01875
4 0.915625 0.15859375 0.0296875 0.0140625
14 0.6765625 0.1578125 0.0484375 0.015625
8 0.73359375 0.178125 0.0484375 0.015625
6 0.76640625 0.19765625 0.0265625 0.0125
0 0.99453125 0.23125 0.0109375 0.0125
4 0.74375 0.23125 0.03125 0.0125
19 0.79140625 0.2515625 0.078125 0.01875
19 0.86796875 0.275 0.075 0.0171875
17 0.63515625 0.38984375 0.0546875 0.0171875
17 0.82109375 0.4203125 0.05625 0.0171875
18 0.8265625 0.47109375 0.0578125 0.01875
4 0.72734375 0.4796875 0.0296875 0.0125
4 0.89375 0.50859375 0.03125 0.0109375
19 0.99140625 0.18359375 0.0171875 0.0203125
19 0.75703125 0.21328125 0.078125 0.0171875
16 0.9828125 0.53515625 0.034375 0.0171875
17 0.334375 0.64765625 0.05625 0.0203125
17 0.428125 0.67265625 0.0578125 0.0171875
18 0.41953125 0.7328125 0.05625 0.015625
4 0.1515625 0.73515625 0.03125 0.0140625
4 0.15 0.75546875 0.0296875 0.0140625
16 0.25546875 0.7828125 0.0609375 0.0203125
9 0.9171875 0.63125 0.021875 0.003125
4 0.9359375 0.709375 0.0390625 0.01875
14 0.93046875 0.6484375 0.05625 0.01875
19 0.94296875 0.68984375 0.090625 0.0234375
6 0.9078125 0.74921875 0.0328125 0.0203125