11 0.1765625 0.1078125 0.13359375 0.0125
3 0.3609375 0.1078125 0.0265625 0.01328125
5 0.4921875 0.10859375 0.01796875 0.0125
15 0.05703125 0.125 0.021875 0.0125
10 0.13671875 0.1265625 0.06328125 0.015625
12 0.3015625 0.12578125 0.04375 0.01328125
5 0.0390625 0.1421875 0.01640625 0.01171875
1 0.10546875 0.16015625 0.0859375 0.01328125
4 0.46171875 0.221875 0.0296875 0.01171875
14 0.2234375 0.2375 0.04765625 0.0125
8 0.28125 0.25390625 0.0484375 0.0125
6 0.315625 0.27109375 0.0265625 0.0109375
0 0.54921875 0.2890625 0.0171875 0.01171875
4 0.2953125 0.30625 0.03125 0.0109375
13 0.05234375 0.32265625 0.04609375 0.01328125
19 0.34453125 0.32265625 0.0765625 0.0140625
7 0.05234375 0.33984375 0.0484375 0.01328125
19 0.42265625 0.340625 0.075 0.01171875
6 0.0421875 0.35703125 0.02734375 0.0125
19 0.065625 0.37578125 0.0734375 0.0140625
17 0.1984375 0.471875 0.05390625 0.0140625
17 0.3859375 0.4890625 0.0546875 0.0140625
18 0.39453125 0.53984375 0.05703125 0.0140625
4 0.29609375 0.5546875 0.02890625 0.01015625
4 0.4640625 0.571875 0.03046875 0.00859375
19 0.57265625 0.2390625 0.08125 0.0140625
19 0.30703125 0.2875 0.078125 0.01171875
9 0.0359375 0.2203125 0.01328125 0.01171875
2 0.7234375 0.11328125 0.05546875 0.01875
16 0.56796875 0.5921875 0.05859375 0.01328125
19 0.0671875 0.271875 0.078125 0.01328125