0 0.08125 0.003125 0.01875 0.00625
13 0.13359375 0.02265625 0.05 0.0171875
19 0.34140625 0.0296875 0.0765625 0.015625
7 0.01015625 0.0375 0.0203125 0.01875
19 0.2140625 0.046875 0.075 0.01875
19 0.13984375 0.06328125 0.075 0.0171875
17 0.25 0.1890625 0.05625 0.01875
17 0.34453125 0.21171875 0.0578125 0.0140625
18 0.33828125 0.27109375 0.05625 0.0140625
4 0.0703125 0.2828125 0.03125 0.0140625
4 0.06953125 0.303125 0.0296875 0.0125
16 0.17578125 0.32734375 0.059375 0.0171875
19 0.70625 0.0109375 0.071875 0.0140625
19 0.9609375 0.0796875 0.071875 0.015625
6 0.984375 0.00234375 0.028125 0.0046875
0 0.90546875 0.01640625 0.015625 0.0125
4 0.70078125 0.03046875 0.028125 0.015625
13 0.9546875 0.03828125 0.0484375 0.0171875
7 0.8203125 0.053125 0.046875 0.015625
6 0.68125 0.06796875 0.0265625 0.0140625
4 0.8921875 0.296875 0.028125 0.015625
4 0.890625 0.315625 0.0296875 0.0140625
16 0.984375 0.3421875 0.03125 0.015625
18 0.25703125 0.69921875 0.0625 0.01875
16 0.0734375 0.75078125 0.0578125 0.015625
4 0.94921875 0.715625 0.0296875 0.0125