2 0.21484375 0.08984375 0.1015625 0.0328125
5 0.40625 0.12578125 0.0234375 0.01796875
3 0.70390625 0.0859375 0.03203125 0.01171875
5 0.8484375 0.08359375 0.01953125 0.01640625
4 0.7203125 0.20078125 0.03203125 0.0140625
19 0.64140625 0.22265625 0.07890625 0.0140625
19 0.43359375 0.26015625 0.08359375 0.0171875
19 0.9328125 0.28125 0.07890625 0.015625
19 0.79453125 0.3 0.07734375 0.0125
19 0.7234375 0.3203125 0.071875 0.0125
4 0.67265625 0.5359375 0.0328125 0.015625
4 0.671875 0.55703125 0.03046875 0.021875
11 0.53125 0.0859375 0.13984375 0.01875
15 0.42265625 0.10625 0.02890625 0.01484375
1 0.45703125 0.1453125 0.09140625 0.01640625
14 0.4203125 0.221875 0.05625 0.01484375
8 0.85 0.2234375 0.046875 0.0171875
19 0.52890625 0.24140625 0.07109375 0.01640625
4 0.4265625 0.28359375 0.02890625 0.0140625
13 0.721875 0.28125 0.05546875 0.01484375
6 0.40625 0.31953125 0.0328125 0.01796875
17 0.84296875 0.440625 0.05390625 0.02578125
17 0.94375 0.46171875 0.0578125 0.01953125
18 0.9421875 0.51875 0.05390625 0.0140625
16 0.7578125 0.57734375 0.0578125 0.01640625
10 0.509375 0.10546875 0.07109375 0.015625
12 0.6703125 0.1046875 0.04375 0.01484375
6 0.7265625 0.240625 0.0296875 0.01640625
9 0.4046875 0.203125 0.02265625 0.01796875
7 0.57109375 0.3015625 0.0515625 0.01171875
0 0.659375 0.2609375 0.0203125 0.01640625