11 0.05 0.05546875 0.1 0.0203125
3 0.2140625 0.06328125 0.03125 0.015625
5 0.3390625 0.06953125 0.01875 0.0109375
10 0.02265625 0.07421875 0.0453125 0.0140625
12 0.1546875 0.08203125 0.046875 0.015625
4 0.21171875 0.18515625 0.0296875 0.0125
19 0.134375 0.2 0.075 0.0171875
8 0.34140625 0.21015625 0.04375 0.0140625
19 0.03828125 0.215625 0.0765625 0.01875
6 0.23203125 0.22578125 0.021875 0.0109375
0 0.15 0.24140625 0.015625 0.0140625
13 0.2015625 0.26484375 0.0421875 0.0109375
19 0.40703125 0.27265625 0.0765625 0.0171875
7 0.0609375 0.27890625 0.046875 0.015625
19 0.28125 0.2859375 0.0765625 0.01875
19 0.20546875 0.30390625 0.0734375 0.0171875
17 0.3171875 0.43203125 0.0546875 0.015625
17 0.409375 0.45546875 0.0578125 0.015625
18 0.4015625 0.51171875 0.05625 0.0140625
4 0.13359375 0.51640625 0.0328125 0.0046875
2 0.5546875 0.08515625 0.084375 0.025
15 0.678125 0.003125 0.021875 0.00625
10 0.75390625 0.00625 0.0609375 0.0125
12 0.89765625 0.009375 0.046875 0.0140625
5 0.665625 0.0203125 0.015625 0.0125
1 0.70078125 0.04140625 0.0765625 0.0171875
9 0.66015625 0.09921875 0.015625 0.0140625
4 0.953125 0.1140625 0.03125 0.0125
14 0.6734375 0.12109375 0.04375 0.0125
19 0.875 0.12890625 0.078125 0.0171875
19 0.77734375 0.1453125 0.078125 0.0171875
6 0.9734375 0.15390625 0.0234375 0.0125
19 0.684375 0.16171875 0.071875 0.0171875
0 0.8890625 0.1703125 0.0203125 0.015625
4 0.67890625 0.18359375 0.0296875 0.0140625
13 0.9421875 0.19296875 0.0453125 0.015625
7 0.80078125 0.2078125 0.0484375 0.0171875
19 0.9921875 0.21953125 0.015625 0.0171875
6 0.65546875 0.221875 0.0234375 0.0125
19 0.9484375 0.23671875 0.0765625 0.0203125
4 0.8765625 0.4546875 0.03125 0.0140625
4 0.87578125 0.47578125 0.0328125 0.0125
16 0.9765625 0.5015625 0.046875 0.015625
4 0.40625 0.7875 0.0359375 0.0171875
4 0.40390625 0.80859375 0.0359375 0.0171875
19 0.571875 0.5375 0.0859375 0.0203125
19 0.49140625 0.55546875 0.0875 0.021875
6 0.15625 0.53671875 0.034375 0.0203125
7 0.3234375 0.5265625 0.059375 0.015625
17 0.6 0.690625 0.0375 0.021875
16 0.5265625 0.83671875 0.071875 0.0234375