2 0.79453125 0.07265625 0.075 0.021875
15 0.97890625 0.0859375 0.021875 0.009375
5 0.9640625 0.10390625 0.0140625 0.0125
1 0.98125 0.1234375 0.0375 0.0125
9 0.9625 0.184375 0.015625 0.0125
14 0.97578125 0.20390625 0.046875 0.0125
19 0.9765625 0.24375 0.046875 0.0125
4 0.98359375 0.2625 0.0296875 0.0125
5 0.20859375 0.2765625 0.0234375 0.015625
4 0.5234375 0.35078125 0.03125 0.0140625
19 0.44453125 0.37265625 0.078125 0.0140625
19 0.23671875 0.41015625 0.084375 0.0171875
19 0.5203125 0.4703125 0.059375 0.0125
4 0.47578125 0.6859375 0.0328125 0.015625
4 0.475 0.70703125 0.03125 0.021875
1 0.26015625 0.2953125 0.090625 0.015625
14 0.2234375 0.371875 0.05625 0.015625
19 0.33203125 0.39140625 0.071875 0.015625
4 0.2296875 0.43359375 0.028125 0.0140625
13 0.5234375 0.43125 0.053125 0.015625
6 0.209375 0.46953125 0.0328125 0.01875
16 0.540625 0.7265625 0.01875 0.015625
6 0.5296875 0.390625 0.0296875 0.015625
9 0.2078125 0.353125 0.021875 0.01875
7 0.37421875 0.4515625 0.0515625 0.0125
0 0.4625 0.4109375 0.0203125 0.015625
9 0.85703125 0.2953125 0.0171875 0.0125
14 0.86953125 0.315625 0.046875 0.009375
19 0.96796875 0.3359375 0.0640625 0.015625
19 0.88203125 0.3546875 0.071875 0.015625
4 0.8765625 0.37578125 0.03125 0.0125
7 0.98828125 0.3953125 0.0234375 0.015625
6 0.85625 0.4140625 0.0265625 0.015625