4 0.0109375 0.02265625 0.021875 0.0140625
19 0.3859375 0.0265625 0.08125 0.0140625
19 0.509375 0.0046875 0.040625 0.009375
19 0.3140625 0.0484375 0.078125 0.021875
4 0.26796875 0.2734375 0.034375 0.0171875
4 0.26796875 0.29375 0.0296875 0.0171875
19 0.0234375 0.0046875 0.046875 0.009375
13 0.30703125 0.009375 0.053125 0.01875
7 0.15390625 0.0359375 0.0515625 0.021875
16 0.36015625 0.3125 0.0625 0.01875
8 0.6984375 0.00625 0.05625 0.0125
6 0.57265625 0.02890625 0.0328125 0.0171875
19 0.78125 0.0625 0.09375 0.025
19 0.6328125 0.08828125 0.0890625 0.0234375
19 0.56171875 0.11328125 0.0640625 0.0203125
13 0.54609375 0.07109375 0.0328125 0.0171875
17 0.690625 0.23828125 0.065625 0.01875
17 0.80078125 0.25625 0.065625 0.0203125
18 0.79765625 0.31875 0.065625 0.0203125
16 0.61484375 0.390625 0.071875 0.0203125
4 0.240625 0.6078125 0.034375 0.015625
4 0.24375 0.62890625 0.0390625 0.021875
16 0.36796875 0.646875 0.071875 0.021875
17 0.87265625 0.61953125 0.0546875 0.01875
17 0.97265625 0.6328125 0.0546875 0.01875
18 0.971875 0.690625 0.05625 0.01875
4 0.70625 0.71796875 0.034375 0.0171875
4 0.70625 0.73828125 0.03125 0.01875
16 0.79296875 0.75546875 0.059375 0.01875