2 0.72265625 0.078125 0.10234375 0.0265625
4 0.0515625 0.284375 0.0328125 0.01328125
19 0.43203125 0.30078125 0.08046875 0.01171875
19 0.57890625 0.27890625 0.08515625 0.015625
19 0.359375 0.3203125 0.07734375 0.01953125
19 0.27265625 0.21953125 0.07890625 0.01328125
3 0.33515625 0.07578125 0.0390625 0.01640625
5 0.49296875 0.07890625 0.01640625 0.01484375
5 0.0234375 0.12265625 0.0203125 0.01796875
19 0.153125 0.2390625 0.078125 0.0140625
4 0.30546875 0.54296875 0.03359375 0.015625
4 0.3046875 0.56328125 0.02890625 0.015625
18 0.5875 0.52109375 0.05546875 0.01640625
15 0.03828125 0.10078125 0.034375 0.0125
15 0.0640625 0.13828125 0.034375 0.00078125
1 0.0765625 0.14140625 0.09453125 0.01953125
4 0.35703125 0.20078125 0.0359375 0.01640625
14 0.03984375 0.22265625 0.04609375 0.01484375
19 0.05625 0.2609375 0.07578125 0.0171875
13 0.35390625 0.28046875 0.053125 0.01640625
8 0.48984375 0.21875 0.05390625 0.01640625
7 0.2 0.3015625 0.0515625 0.01953125
11 0.1578125 0.0796875 0.1421875 0.01953125
6 0.0296875 0.321875 0.03359375 0.0171875
16 0.39609375 0.58515625 0.06171875 0.01640625
17 0.59375 0.4625 0.06171875 0.01640625
12 0.3015625 0.1 0.05625 0.01484375
0 0.2890625 0.259375 0.0171875 0.01640625
6 0.3609375 0.2375 0.03125 0.01953125
9 0.02265625 0.20234375 0.02265625 0.0140625
10 0.128125 0.1 0.0671875 0.0109375