6 0.3640625 0.01484375 0.0265625 0.0125
9 0.4 0.03828125 0.0171875 0.0140625
4 0.715625 0.0328125 0.0328125 0.0125
14 0.41328125 0.05859375 0.0484375 0.0140625
19 0.634375 0.05390625 0.0765625 0.0171875
19 0.52265625 0.075 0.0765625 0.015625
19 0.42890625 0.096875 0.075 0.015625
0 0.6515625 0.09296875 0.01875 0.015625
6 0.71796875 0.07109375 0.025 0.0140625
8 0.83984375 0.04921875 0.046875 0.0171875
13 0.71484375 0.11015625 0.05 0.015625
4 0.42421875 0.115625 0.0296875 0.0140625
7 0.56484375 0.13046875 0.05 0.015625
19 0.7859375 0.12734375 0.078125 0.0171875
19 0.7171875 0.1484375 0.078125 0.0171875
19 0.9234375 0.10546875 0.08125 0.0171875
6 0.40546875 0.15390625 0.028125 0.0140625
17 0.834375 0.2609375 0.0546875 0.01875
17 0.9359375 0.27734375 0.059375 0.0171875
18 0.93515625 0.33515625 0.0609375 0.01875
4 0.66640625 0.35703125 0.034375 0.0171875
4 0.66640625 0.37734375 0.03125 0.0171875
16 0.7515625 0.39296875 0.059375 0.0140625
9 0.3546875 0.45625 0.01875 0.015625
4 0.37109375 0.540625 0.0171875 0.01875
14 0.36171875 0.4765625 0.0359375 0.01875
19 0.36015625 0.51796875 0.0390625 0.0171875
6 0.36015625 0.584375 0.0359375 0.0171875
4 0.40234375 0.6546875 0.0328125 0.0140625
19 0.78359375 0.66484375 0.08125 0.0125
19 0.9296875 0.63984375 0.0859375 0.0171875
19 0.7109375 0.68515625 0.078125 0.0203125
19 0.62265625 0.5859375 0.0796875 0.0140625
3 0.6828125 0.44140625 0.0390625 0.0171875
5 0.840625 0.44140625 0.0171875 0.015625
19 0.503125 0.6078125 0.078125 0.015625
4 0.6609375 0.90859375 0.034375 0.015625
4 0.66015625 0.92890625 0.0296875 0.015625
18 0.9421875 0.88203125 0.05625 0.0171875
15 0.39140625 0.4703125 0.0234375 0.0125
15 0.4125 0.50859375 0.034375 0.0015625
1 0.42578125 0.5109375 0.0921875 0.021875
4 0.70625 0.565625 0.0359375 0.0171875
14 0.39609375 0.5921875 0.0328125 0.015625
19 0.4125 0.63125 0.065625 0.01875
13 0.7046875 0.6453125 0.053125 0.0171875
8 0.83984375 0.58125 0.0546875 0.0171875
7 0.5515625 0.66953125 0.0515625 0.0203125
11 0.50546875 0.4484375 0.1421875 0.021875
6 0.3890625 0.69296875 0.01875 0.0171875
16 0.75234375 0.94921875 0.0625 0.0171875
17 0.94765625 0.8234375 0.0625 0.0171875
12 0.64921875 0.46640625 0.05625 0.015625
0 0.63984375 0.62578125 0.0171875 0.0171875
6 0.7109375 0.60234375 0.03125 0.0203125
10 0.47578125 0.46875 0.0671875 0.0125