11 0.1515625 0.0875 0.134375 0.015625
3 0.33203125 0.0875 0.03359375 0.0125
5 0.459375 0.08515625 0.0171875 0.0125
15 0.05 0.109375 0.021875 0.0078125
10 0.12890625 0.1078125 0.06171875 0.01484375
12 0.27265625 0.1078125 0.04140625 0.01328125
5 0.0359375 0.12890625 0.01875 0.0109375
1 0.07421875 0.14765625 0.08203125 0.0125
9 0.0359375 0.209375 0.015625 0.01328125
4 0.33671875 0.2078125 0.03046875 0.01328125
14 0.05 0.228125 0.04453125 0.0125
19 0.2578125 0.22734375 0.07578125 0.01328125
8 0.47109375 0.22734375 0.04921875 0.01640625
19 0.159375 0.2484375 0.07734375 0.0109375
6 0.3609375 0.24765625 0.025 0.01171875
19 0.06484375 0.2703125 0.08046875 0.01484375
0 0.275 0.2671875 0.0171875 0.01484375
4 0.06015625 0.28984375 0.0328125 0.01171875
13 0.33046875 0.28828125 0.0515625 0.0109375
19 0.53984375 0.2859375 0.08125 0.0125
7 0.18671875 0.309375 0.05 0.0125
19 0.41171875 0.3078125 0.078125 0.0140625
6 0.03984375 0.33046875 0.0265625 0.01328125
19 0.3359375 0.328125 0.07734375 0.0125
17 0.4546875 0.44921875 0.05390625 0.0125
17 0.55 0.46796875 0.05625 0.01328125
18 0.5453125 0.52734375 0.0546875 0.0140625
4 0.27578125 0.55 0.03125 0.0109375
4 0.2765625 0.56953125 0.02890625 0.01171875
16 0.3875 0.5921875 0.0578125 0.01640625
2 0.67890625 0.09140625 0.08671875 0.01953125