9 0.3125 0.034375 0.0171875 0.015625
14 0.325 0.0546875 0.046875 0.0171875
19 0.4265625 0.0734375 0.071875 0.0171875
19 0.33828125 0.0921875 0.0734375 0.0171875
4 0.33203125 0.1109375 0.028125 0.0140625
6 0.31328125 0.1484375 0.0265625 0.0140625
7 0.46640625 0.128125 0.0453125 0.015625
1 0.53359375 0.00625 0.0671875 0.0125
4 0.78203125 0.059375 0.0296875 0.0125
14 0.51328125 0.08515625 0.0265625 0.0109375
19 0.70546875 0.08046875 0.075 0.0140625
8 0.91328125 0.07578125 0.04375 0.0125
19 0.6109375 0.103125 0.078125 0.015625
6 0.8046875 0.09921875 0.021875 0.0109375
19 0.5265625 0.12578125 0.053125 0.0140625
0 0.72421875 0.11953125 0.015625 0.0125
4 0.5125 0.1453125 0.025 0.0125
13 0.7765625 0.13984375 0.0421875 0.009375
19 0.971875 0.13359375 0.05625 0.0140625
7 0.63828125 0.16328125 0.046875 0.0140625
19 0.85859375 0.15546875 0.0765625 0.015625
6 0.503125 0.18671875 0.00625 0.0140625
19 0.78359375 0.17890625 0.0734375 0.0140625
17 0.90390625 0.2984375 0.0546875 0.0140625
17 0.984375 0.31484375 0.03125 0.0140625
18 0.98359375 0.3734375 0.0328125 0.015625
4 0.728125 0.40078125 0.0328125 0.0125
4 0.7296875 0.4203125 0.028125 0.0140625
16 0.8375 0.43984375 0.0609375 0.0125
4 0.25546875 0.58125 0.0390625 0.003125
4 0.25546875 0.59765625 0.0375 0.015625
16 0.384375 0.61796875 0.071875 0.01875
2 0.7265625 0.65078125 0.078125 0.0234375
5 0.50625 0.65 0.0125 0.0125
8 0.51484375 0.78515625 0.0296875 0.0171875
19 0.5890625 0.840625 0.078125 0.0171875
17 0.5140625 0.99296875 0.028125 0.0140625