19 0.1703125 0.0109375 0.0765625 0.01875
8 0.378125 0.025 0.053125 0.0203125
19 0.07265625 0.02421875 0.078125 0.0171875
6 0.2671875 0.03515625 0.0265625 0.015625
19 0.0078125 0.0390625 0.015625 0.01875
0 0.184375 0.05 0.01875 0.015625
13 0.2328125 0.07578125 0.046875 0.01875
19 0.440625 0.08671875 0.0796875 0.021875
7 0.0953125 0.0859375 0.0515625 0.021875
19 0.31484375 0.10078125 0.075 0.0203125
19 0.240625 0.11640625 0.075 0.0203125
17 0.34765625 0.24453125 0.0515625 0.0203125
17 0.4390625 0.26953125 0.0546875 0.01875
18 0.43203125 0.32890625 0.059375 0.015625
4 0.16640625 0.33515625 0.0375 0.015625
4 0.1640625 0.35390625 0.0296875 0.0140625
16 0.27421875 0.38125 0.0625 0.021875
19 0.69765625 0.003125 0.0765625 0.00625
19 0.77578125 0.021875 0.078125 0.01875
17 0.55546875 0.13671875 0.0328125 0.0203125
17 0.72890625 0.1671875 0.05625 0.01875
18 0.73359375 0.21640625 0.059375 0.01875
4 0.63359375 0.225 0.03125 0.0125
4 0.80078125 0.253125 0.03125 0.0140625
16 0.903125 0.278125 0.0578125 0.021875
17 0.3015625 0.54296875 0.053125 0.0171875
17 0.39609375 0.56875 0.0578125 0.0171875
18 0.38828125 0.628125 0.059375 0.01875
4 0.1203125 0.63203125 0.034375 0.015625
4 0.11953125 0.65078125 0.0328125 0.0140625
16 0.2265625 0.6796875 0.059375 0.0203125
3 0.64140625 0.60703125 0.0296875 0.0171875
5 0.78359375 0.615625 0.015625 0.0171875
12 0.60390625 0.621875 0.0453125 0.015625
4 0.65390625 0.721875 0.03125 0.015625
19 0.57265625 0.73359375 0.0671875 0.0203125
8 0.77734375 0.7484375 0.046875 0.0171875
6 0.65390625 0.76015625 0.0265625 0.015625
0 0.584375 0.77421875 0.01875 0.015625
13 0.6453125 0.796875 0.0484375 0.0171875
19 0.853125 0.81015625 0.0765625 0.0171875
19 0.715625 0.82109375 0.0765625 0.0171875
19 0.6453125 0.834375 0.0765625 0.01875
17 0.75390625 0.95703125 0.05625 0.0171875
17 0.85234375 0.98203125 0.0578125 0.0171875
2 0.98125 0.63359375 0.0375 0.0296875