17 0.40859375 0.096875 0.0421875 0.01875
4 0.25 0.196875 0.0328125 0.015625
4 0.24921875 0.21484375 0.03125 0.0140625
16 0.33515625 0.234375 0.0578125 0.015625
17 0.38828125 0.64609375 0.059375 0.015625
12 0.45859375 0.5 0.0578125 0.01875
4 0.54375 0.60703125 0.0359375 0.0140625
19 0.44765625 0.63046875 0.0359375 0.0140625
8 0.659375 0.6296875 0.0515625 0.01875
6 0.540625 0.6484375 0.028125 0.0140625
0 0.45234375 0.6703125 0.021875 0.0140625
13 0.53671875 0.6921875 0.0515625 0.015625
19 0.7484375 0.69375 0.0875 0.015625
19 0.6125 0.71484375 0.0921875 0.0171875
19 0.51796875 0.73828125 0.0890625 0.0140625
17 0.63125 0.86953125 0.0640625 0.015625
4 0.49453125 0.99375 0.0359375 0.0125