2 0.678125 0.08828125 0.07890625 0.02265625
11 0.15390625 0.08125 0.13203125 0.01328125
3 0.33359375 0.08046875 0.0296875 0.015625
5 0.459375 0.0796875 0.0171875 0.01484375
15 0.05390625 0.103125 0.021875 0.0109375
10 0.13125 0.10078125 0.06171875 0.0109375
12 0.2734375 0.10078125 0.04375 0.0109375
5 0.03984375 0.12265625 0.0125 0.0109375
1 0.08046875 0.1421875 0.0828125 0.0125
9 0.03984375 0.20234375 0.01484375 0.01328125
4 0.3375 0.20234375 0.02890625 0.01328125
14 0.053125 0.2234375 0.046875 0.01328125
19 0.259375 0.22109375 0.07578125 0.01171875
8 0.46953125 0.22109375 0.0484375 0.01328125
19 0.16328125 0.2421875 0.0765625 0.01171875
6 0.3609375 0.2421875 0.025 0.01328125
19 0.06953125 0.2640625 0.07734375 0.01171875
0 0.275 0.26015625 0.01796875 0.015625
4 0.0625 0.2828125 0.03203125 0.01328125
13 0.32890625 0.2828125 0.0453125 0.0125
19 0.53828125 0.28203125 0.07734375 0.0140625
7 0.190625 0.30234375 0.046875 0.01328125
19 0.41015625 0.30234375 0.0734375 0.0140625
19 0.3375 0.32265625 0.0734375 0.0125
6 0.04296875 0.32421875 0.0265625 0.0109375
17 0.4546875 0.44375 0.05234375 0.01484375
17 0.54921875 0.46328125 0.0546875 0.0125
4 0.2765625 0.54453125 0.03046875 0.0109375
4 0.27734375 0.565625 0.02734375 0.01171875
16 0.3875 0.5859375 0.05859375 0.01171875
18 0.5453125 0.52421875 0.05625 0.0140625