6 0.00703125 0.00546875 0.0140625 0.0109375
17 0.39453125 0.11328125 0.0515625 0.015625
17 0.48515625 0.13046875 0.0515625 0.0140625
18 0.48671875 0.190625 0.0515625 0.0140625
4 0.228125 0.21875 0.0296875 0.015625
4 0.22734375 0.2375 0.0296875 0.0109375
16 0.334375 0.25703125 0.05625 0.0171875
4 0.7171875 0.0328125 0.034375 0.01875
19 0.72421875 0.00859375 0.0921875 0.0171875
6 0.69765625 0.07578125 0.0359375 0.01875
0 0.95625 0.0046875 0.021875 0.009375
7 0.86171875 0.0484375 0.0578125 0.021875
4 0.9671875 0.30546875 0.0375 0.0171875
4 0.96640625 0.32578125 0.0359375 0.015625
15 0.38828125 0.4640625 0.0234375 0.009375
10 0.4671875 0.4625 0.059375 0.00625
5 0.3734375 0.48203125 0.015625 0.0171875
1 0.421875 0.49921875 0.0828125 0.0171875
9 0.37578125 0.5578125 0.015625 0.0171875
14 0.390625 0.5765625 0.046875 0.0171875
19 0.4921875 0.5921875 0.0734375 0.015625
19 0.40390625 0.61328125 0.071875 0.015625
6 0.38359375 0.671875 0.0265625 0.0140625
7 0.5203125 0.646875 0.01875 0.01875
2 0.19375 0.46328125 0.078125 0.0078125
4 0.4 0.6328125 0.0265625 0.0140625
17 0.90859375 0.465625 0.0578125 0.0125
18 0.9078125 0.5234375 0.059375 0.015625
4 0.640625 0.553125 0.0328125 0.0140625
4 0.6421875 0.57421875 0.0328125 0.0140625
16 0.75078125 0.5890625 0.0625 0.021875