12 0.07890625 0.0109375 0.04375 0.01875
4 0.14140625 0.1109375 0.0296875 0.015625
19 0.065625 0.1328125 0.0765625 0.0171875
19 0.34453125 0.1859375 0.078125 0.0140625
19 0.21796875 0.209375 0.0765625 0.0140625
19 0.1453125 0.23203125 0.075 0.0140625
8 0.27578125 0.128125 0.046875 0.015625
6 0.16484375 0.15 0.025 0.0140625
0 0.08359375 0.17109375 0.015625 0.015625
13 0.1359375 0.1921875 0.0453125 0.015625
7 0.01015625 0.2140625 0.0203125 0.015625
17 0.2640625 0.35078125 0.0515625 0.0171875
17 0.35859375 0.36875 0.05625 0.015625
18 0.3578125 0.4296875 0.0578125 0.0171875
4 0.08984375 0.45625 0.0328125 0.0125
16 0.2 0.49453125 0.0578125 0.0203125
4 0.6375 0.03984375 0.0359375 0.0140625
19 0.51640625 0.06328125 0.0875 0.0140625
8 0.753125 0.0625 0.0515625 0.01875
6 0.634375 0.08125 0.028125 0.0140625
0 0.54609375 0.103125 0.021875 0.0140625
13 0.63046875 0.125 0.0515625 0.015625
19 0.8421875 0.1265625 0.0875 0.015625
19 0.70625 0.14765625 0.0921875 0.0171875
19 0.61171875 0.17109375 0.0890625 0.0140625
17 0.725 0.30234375 0.0640625 0.015625
18 0.49453125 0.40546875 0.0515625 0.0109375
4 0.5890625 0.42734375 0.0359375 0.0140625
4 0.56953125 0.44921875 0.03125 0.0140625
16 0.6671875 0.46953125 0.0671875 0.01875
19 0.1375 0.59609375 0.09375 0.0140625
8 0.37421875 0.5953125 0.0578125 0.0125
19 0.03515625 0.615625 0.0703125 0.01875
19 0.43984375 0.65390625 0.0578125 0.0203125
19 0.31171875 0.678125 0.0875 0.01875
19 0.22890625 0.7015625 0.0890625 0.021875
6 0.253125 0.6140625 0.03125 0.0171875
0 0.1578125 0.6359375 0.0234375 0.0171875
13 0.2171875 0.6578125 0.0609375 0.0171875
7 0.06015625 0.67890625 0.0609375 0.01875
17 0.3625 0.82578125 0.0671875 0.01875
17 0.45234375 0.8453125 0.0328125 0.01875
18 0.4515625 0.909375 0.034375 0.021875
4 0.16171875 0.9375 0.0375 0.01875
4 0.1609375 0.9578125 0.040625 0.0171875
16 0.28828125 0.978125 0.06875 0.01875
8 0.55 0.69921875 0.0515625 0.0171875
19 0.62890625 0.75546875 0.08125 0.0171875
19 0.5 0.778125 0.0625 0.015625
17 0.5390625 0.9109375 0.05625 0.015625
17 0.640625 0.928125 0.05625 0.0171875
18 0.63828125 0.98671875 0.0625 0.0171875