19 0.390625 0.00546875 0.071875 0.0109375
6 0.04296875 0.0015625 0.0265625 0.003125
19 0.3234375 0.0171875 0.0734375 0.0203125
17 0.4234375 0.1453125 0.05 0.015625
4 0.246875 0.2328125 0.028125 0.0140625
4 0.2453125 0.24765625 0.028125 0.0046875
9 0.4421875 0.28515625 0.015625 0.015625
14 0.43828125 0.30703125 0.0234375 0.0171875
19 0.43828125 0.34609375 0.0234375 0.0171875
4 0.44453125 0.36484375 0.0109375 0.0140625
4 0.70234375 0.309375 0.03125 0.0140625
14 0.4671875 0.3109375 0.034375 0.015625
8 0.51875 0.3328125 0.0515625 0.0203125
6 0.55078125 0.3515625 0.028125 0.0140625
19 0.54296875 0.36796875 0.078125 0.01875
0 0.7859375 0.38203125 0.0203125 0.015625
4 0.52890625 0.38515625 0.034375 0.015625
19 0.578125 0.40546875 0.078125 0.01875
19 0.65546875 0.42578125 0.08125 0.0203125
17 0.61015625 0.5734375 0.05625 0.0203125
18 0.6125 0.6234375 0.0546875 0.01875
4 0.51484375 0.6328125 0.03125 0.0140625
4 0.68359375 0.6609375 0.03125 0.015625
16 0.78671875 0.684375 0.059375 0.01875
19 0.81015625 0.334375 0.08125 0.01875