4 0.4734375 0.0625 0.0265625 0.0125
4 0.471875 0.0828125 0.0296875 0.0125
9 0.35078125 0.434375 0.0171875 0.0140625
19 0.4640625 0.47578125 0.071875 0.0140625
19 0.37578125 0.49296875 0.075 0.0125
4 0.36875 0.5109375 0.03125 0.0125
7 0.490625 0.5328125 0.01875 0.015625
6 0.34921875 0.5484375 0.0265625 0.0109375
14 0.36484375 0.45546875 0.05 0.015625
19 0.8453125 0.45078125 0.084375 0.01875
19 0.71171875 0.46875 0.090625 0.0171875
19 0.61875 0.48984375 0.0859375 0.01875
0 0.55625 0.425 0.01875 0.0125
13 0.64140625 0.44453125 0.0515625 0.0171875
17 0.72734375 0.6234375 0.0625 0.01875
18 0.51640625 0.72421875 0.0328125 0.0171875
4 0.53203125 0.7453125 0.0328125 0.015625
4 0.5328125 0.765625 0.034375 0.0171875
16 0.67265625 0.79140625 0.0671875 0.015625