11 0.17421875 0.08203125 0.1296875 0.01171875
3 0.3484375 0.0828125 0.03046875 0.01171875
5 0.46875 0.0828125 0.01875 0.0140625
2 0.68125 0.09140625 0.078125 0.01875
15 0.07890625 0.1046875 0.0203125 0.01015625
10 0.15078125 0.10234375 0.06015625 0.01328125
12 0.29140625 0.103125 0.04609375 0.01328125
5 0.065625 0.12421875 0.01796875 0.01484375
1 0.10234375 0.14375 0.0796875 0.0140625
9 0.0625 0.20390625 0.015625 0.0125
4 0.3515625 0.2046875 0.0296875 0.01328125
14 0.078125 0.22578125 0.04609375 0.01484375
19 0.275 0.225 0.07265625 0.01328125
19 0.18125 0.24609375 0.0734375 0.01328125
19 0.0890625 0.265625 0.06875 0.01171875
19 0.54375 0.28359375 0.07265625 0.0125
19 0.42109375 0.3046875 0.071875 0.0140625
19 0.35 0.325 0.07265625 0.0140625
6 0.3734375 0.24296875 0.02578125 0.0140625
0 0.2921875 0.26328125 0.01796875 0.0125
4 0.084375 0.284375 0.0265625 0.01328125
13 0.34296875 0.28359375 0.05 0.01640625
7 0.20703125 0.3046875 0.04921875 0.01640625
6 0.06640625 0.325 0.02578125 0.0140625
17 0.4625 0.44453125 0.05390625 0.01328125
17 0.55546875 0.46484375 0.05234375 0.015625
18 0.5515625 0.52421875 0.0578125 0.01484375
4 0.29140625 0.546875 0.03515625 0.01328125
4 0.28984375 0.5640625 0.028125 0.0140625
16 0.3984375 0.5875 0.059375 0.01796875
8 0.4796875 0.2234375 0.04375 0.01875