19 0.23203125 0.0046875 0.0703125 0.009375
19 0.14296875 0.02265625 0.071875 0.01875
0 0.3421875 0.0140625 0.015625 0.015625
4 0.13828125 0.04375 0.03125 0.015625
13 0.3921875 0.03125 0.0453125 0.0171875
7 0.2609375 0.0578125 0.0421875 0.0171875
19 0.46875 0.04765625 0.071875 0.01875
6 0.1203125 0.08359375 0.0265625 0.015625
19 0.4015625 0.07109375 0.071875 0.0171875
17 0.51640625 0.1859375 0.0515625 0.0171875
4 0.3515625 0.29453125 0.028125 0.0140625
4 0.3515625 0.3140625 0.028125 0.0109375
16 0.45625 0.33046875 0.0578125 0.01875
19 0.61171875 0.00390625 0.0765625 0.0078125
6 0.71484375 0.015625 0.025 0.0140625
0 0.6296875 0.0375 0.01875 0.0171875
13 0.68515625 0.0578125 0.0453125 0.015625
19 0.89375 0.04609375 0.078125 0.01875
19 0.7671875 0.07265625 0.0734375 0.0171875
19 0.6953125 0.096875 0.0734375 0.015625
17 0.81875 0.21171875 0.053125 0.0171875
17 0.9140625 0.2265625 0.0546875 0.015625
4 0.64609375 0.321875 0.03125 0.0125
4 0.6484375 0.34296875 0.028125 0.0125
16 0.759375 0.35703125 0.059375 0.0140625
18 0.9140625 0.2875 0.05625 0.0171875
4 0.35234375 0.47421875 0.0328125 0.0109375
7 0.48828125 0.4875 0.05 0.01875
17 0.45625 0.69453125 0.059375 0.0171875
18 0.5515625 0.75 0.034375 0.01875
6 0.3359375 0.51875 0.028125 0.0171875
19 0.809375 0.48984375 0.0796875 0.0203125
19 0.66953125 0.51953125 0.0875 0.01875
17 0.7265625 0.659375 0.05625 0.0234375
17 0.8359375 0.6734375 0.0546875 0.01875
4 0.57265625 0.78984375 0.0078125 0.0171875
16 0.646875 0.8046875 0.059375 0.0234375
13 0.59453125 0.50546875 0.0515625 0.0203125
19 0.60390625 0.54453125 0.0703125 0.0203125
18 0.8359375 0.73515625 0.0546875 0.0203125