11 0.5734375 0.0828125 0.12578125 0.0140625
3 0.74140625 0.08359375 0.0265625 0.01328125
5 0.86328125 0.08359375 0.01328125 0.01328125
15 0.48046875 0.10390625 0.01875 0.0109375
10 0.5546875 0.10625 0.0546875 0.0125
12 0.68984375 0.1046875 0.04140625 0.0140625
5 0.46796875 0.12421875 0.0171875 0.01015625
1 0.5015625 0.14375 0.07734375 0.01328125
9 0.46484375 0.2015625 0.0171875 0.0125
4 0.7453125 0.203125 0.028125 0.0109375
14 0.47734375 0.221875 0.046875 0.009375
19 0.67421875 0.22265625 0.07421875 0.01171875
8 0.86640625 0.22421875 0.0328125 0.01328125
19 0.5796875 0.24296875 0.0703125 0.01484375
6 0.7671875 0.2421875 0.02421875 0.01328125
19 0.48984375 0.2609375 0.071875 0.01484375
0 0.6890625 0.2625 0.015625 0.0140625
4 0.484375 0.28203125 0.03046875 0.01328125
13 0.73828125 0.2828125 0.04453125 0.01484375
19 0.93671875 0.284375 0.07109375 0.01328125
7 0.60546875 0.30234375 0.0421875 0.015625
19 0.8140625 0.303125 0.07109375 0.015625
6 0.4640625 0.3203125 0.0265625 0.01484375
19 0.7453125 0.32265625 0.071875 0.0140625
17 0.85390625 0.44375 0.05078125 0.01484375
17 0.94453125 0.465625 0.05 0.0140625
18 0.9421875 0.525 0.0515625 0.0140625
4 0.68359375 0.54296875 0.02734375 0.0125
4 0.6828125 0.5625 0.02734375 0.01015625
16 0.78671875 0.584375 0.0578125 0.01640625
2 0.296875 0.08984375 0.0828125 0.0203125