19 0.52421875 0.003125 0.0703125 0.00625
19 0.4328125 0.01484375 0.075 0.015625
19 0.340625 0.03203125 0.071875 0.0171875
0 0.53984375 0.03671875 0.0140625 0.0125
4 0.33359375 0.05 0.028125 0.0125
13 0.5765625 0.06015625 0.025 0.0140625
7 0.453125 0.07578125 0.0421875 0.0140625
6 0.31484375 0.0890625 0.028125 0.0140625
19 0.575 0.09921875 0.028125 0.0140625
4 0.528125 0.31640625 0.0265625 0.0109375
4 0.52734375 0.3375 0.0328125 0.0125
19 0.765625 0.00546875 0.078125 0.0109375
19 0.6890625 0.02109375 0.078125 0.015625
17 0.803125 0.14609375 0.0546875 0.0140625
17 0.89765625 0.16796875 0.05625 0.015625
18 0.89140625 0.22734375 0.0546875 0.015625
4 0.62109375 0.240625 0.03125 0.0125
4 0.62109375 0.26015625 0.0296875 0.0125
16 0.73125 0.28671875 0.0578125 0.01875
4 0.52734375 0.62890625 0.0296875 0.0140625
4 0.52578125 0.64921875 0.034375 0.0109375
11 0.69921875 0.5671875 0.125 0.0171875
3 0.86796875 0.5734375 0.0296875 0.015625
5 0.9890625 0.5765625 0.01875 0.0140625
15 0.6046875 0.58671875 0.0203125 0.0125
10 0.678125 0.5890625 0.0625 0.0171875
12 0.81484375 0.5921875 0.04375 0.0171875
5 0.59375 0.60390625 0.009375 0.0140625
1 0.6265625 0.62578125 0.075 0.0171875
9 0.59140625 0.68359375 0.0046875 0.0140625
4 0.86953125 0.69296875 0.034375 0.015625
14 0.6046875 0.7046875 0.03125 0.015625
19 0.79375 0.71015625 0.0703125 0.0171875
19 0.69921875 0.728125 0.071875 0.0140625
19 0.61796875 0.74375 0.0578125 0.015625
19 0.9328125 0.79609375 0.06875 0.01875
19 0.8640625 0.8140625 0.0734375 0.015625
8 0.98515625 0.71796875 0.0296875 0.0171875
6 0.88828125 0.73359375 0.0234375 0.015625
0 0.80859375 0.75 0.01875 0.0140625
4 0.603125 0.7625 0.028125 0.015625
13 0.85859375 0.77421875 0.0484375 0.015625
7 0.72265625 0.7890625 0.0453125 0.015625
6 0.59453125 0.80234375 0.0109375 0.0171875
17 0.96875 0.93828125 0.053125 0.0171875