19 0.03671875 0.01328125 0.0734375 0.0171875
17 0.05703125 0.19453125 0.0578125 0.0171875
18 0.05703125 0.2546875 0.05625 0.015625
4 0.7734375 0.0234375 0.0328125 0.01875
4 0.778125 0.0421875 0.0328125 0.0171875
16 0.865625 0.0546875 0.0609375 0.015625
9 0.1140625 0.36484375 0.015625 0.0109375
14 0.12734375 0.38359375 0.0515625 0.0171875
19 0.32421875 0.36875 0.071875 0.01875
19 0.23203125 0.3953125 0.0703125 0.0171875
19 0.14453125 0.4203125 0.0734375 0.0171875
19 0.46796875 0.4390625 0.0640625 0.01875
19 0.40234375 0.4625 0.071875 0.015625
6 0.41796875 0.38203125 0.0234375 0.0125
0 0.34140625 0.40703125 0.0171875 0.0140625
4 0.1390625 0.44140625 0.0296875 0.0140625
13 0.39296875 0.4234375 0.04375 0.015625
7 0.26015625 0.453125 0.046875 0.0171875
4 0.35546875 0.68671875 0.0296875 0.0140625
4 0.3578125 0.7078125 0.0296875 0.0140625
16 0.4640625 0.72265625 0.0578125 0.01875
19 0.62578125 0.36953125 0.0734375 0.0203125
17 0.74921875 0.48203125 0.0546875 0.01875
17 0.846875 0.49453125 0.0578125 0.01875
18 0.84765625 0.5546875 0.0609375 0.01875
4 0.58203125 0.59375 0.0328125 0.015625
4 0.58359375 0.61484375 0.034375 0.0140625
16 0.69296875 0.62578125 0.0625 0.0234375