8 0.1 0.09609375 0.0484375 0.01875
19 0.18046875 0.15546875 0.078125 0.01875
19 0.04375 0.1703125 0.078125 0.015625
17 0.0828125 0.30625 0.05625 0.01875
17 0.1828125 0.3296875 0.059375 0.0171875
18 0.17890625 0.38671875 0.0625 0.01875
16 0.01171875 0.4375 0.0234375 0.015625
19 0.81640625 0.00390625 0.0828125 0.0078125
19 0.72109375 0.01796875 0.078125 0.0171875
4 0.7125 0.0375 0.0328125 0.0140625
19 0.984375 0.084375 0.03125 0.01875
4 0.946875 0.3 0.0328125 0.0171875
4 0.95 0.31953125 0.03125 0.0171875
13 0.99140625 0.0453125 0.0171875 0.015625
7 0.8578125 0.06015625 0.0515625 0.01875
6 0.69296875 0.07578125 0.03125 0.0140625
0 0.94765625 0.0234375 0.0234375 0.0171875
4 0.1859375 0.58046875 0.03125 0.015625
4 0.18671875 0.59921875 0.028125 0.0140625
16 0.2640625 0.62421875 0.05625 0.015625
4 0.6171875 0.55078125 0.034375 0.015625
19 0.52734375 0.56796875 0.084375 0.0171875
19 0.41875 0.5828125 0.059375 0.01875
19 0.82578125 0.640625 0.0875 0.0203125
19 0.68359375 0.65703125 0.0828125 0.0234375
19 0.609375 0.675 0.078125 0.0171875
13 0.60625 0.63203125 0.053125 0.0171875
4 0.54375 0.89453125 0.0359375 0.015625
4 0.5453125 0.91640625 0.0328125 0.01875
16 0.63046875 0.940625 0.0640625 0.0171875
8 0.74296875 0.57421875 0.053125 0.021875
6 0.61328125 0.5890625 0.025 0.021875
7 0.44921875 0.64609375 0.053125 0.0203125
17 0.725 0.80078125 0.059375 0.01875
18 0.825 0.884375 0.053125 0.021875
0 0.5453125 0.6078125 0.021875 0.021875