4 0.37265625 0.03203125 0.028125 0.0140625
4 0.37734375 0.053125 0.034375 0.0125
4 0.84296875 0.0640625 0.0296875 0.015625
4 0.84609375 0.084375 0.0328125 0.0140625
16 0.9265625 0.09765625 0.0609375 0.0203125
19 0.15234375 0.27578125 0.078125 0.01875
8 0.36015625 0.26328125 0.0484375 0.0078125
19 0.05703125 0.30234375 0.0796875 0.0171875
19 0.309375 0.34609375 0.075 0.0171875
19 0.23828125 0.371875 0.075 0.0203125
6 0.2546875 0.28671875 0.028125 0.015625
0 0.1734375 0.31484375 0.0203125 0.015625
13 0.22578125 0.3296875 0.0453125 0.015625
7 0.08828125 0.36015625 0.05 0.0171875
17 0.3625 0.48359375 0.053125 0.0171875
4 0.1953125 0.59765625 0.034375 0.015625
4 0.196875 0.61640625 0.0328125 0.0140625
16 0.30703125 0.6296875 0.059375 0.0203125
19 0.565625 0.3515625 0.0875 0.0234375
19 0.43828125 0.38203125 0.0578125 0.0265625
16 0.42265625 0.66953125 0.0265625 0.0203125
8 0.47578125 0.29453125 0.053125 0.0234375
17 0.48203125 0.521875 0.059375 0.021875
18 0.58984375 0.59375 0.053125 0.0234375