11 0.10234375 0.0078125 0.1359375 0.015625
3 0.278125 0.00859375 0.03125 0.0171875
5 0.4015625 0.01171875 0.0171875 0.0140625
15 0.0078125 0.03046875 0.015625 0.0109375
10 0.078125 0.0296875 0.0609375 0.0140625
12 0.2203125 0.0296875 0.040625 0.015625
1 0.034375 0.0703125 0.06875 0.015625
4 0.28125 0.13125 0.028125 0.0140625
14 0.01328125 0.15 0.0265625 0.015625
19 0.20390625 0.15 0.075 0.015625
8 0.41171875 0.15234375 0.046875 0.0171875
19 0.1078125 0.16953125 0.0765625 0.0140625
6 0.30546875 0.1703125 0.028125 0.0140625
19 0.02578125 0.18984375 0.0515625 0.0140625
0 0.221875 0.18984375 0.0140625 0.015625
4 0.0140625 0.21015625 0.028125 0.0140625
13 0.27421875 0.21171875 0.04375 0.0140625
19 0.4546875 0.2125 0.028125 0.0125
7 0.134375 0.2296875 0.0453125 0.0171875
19 0.353125 0.23125 0.0734375 0.0140625
6 0.00234375 0.24921875 0.0046875 0.0109375
19 0.28046875 0.25078125 0.0734375 0.0140625
17 0.39609375 0.3734375 0.0515625 0.0140625
18 0.4625 0.4546875 0.0125 0.015625
4 0.2203125 0.4671875 0.03125 0.003125
4 0.71015625 0.02578125 0.03125 0.015625
4 0.71015625 0.04453125 0.0328125 0.0109375
18 0.9734375 0.00859375 0.053125 0.0140625
16 0.796875 0.06484375 0.0609375 0.025
5 0.440625 0.471875 0.015625 0.00625
1 0.4578125 0.4859375 0.021875 0.015625
9 0.43984375 0.5421875 0.015625 0.0171875
14 0.44921875 0.56171875 0.0390625 0.0171875
19 0.4484375 0.59765625 0.040625 0.0140625
6 0.44140625 0.65625 0.0265625 0.0125
4 0.4578125 0.6171875 0.021875 0.0125
2 0.5515625 0.475 0.1 0.0125
15 0.77421875 0.4828125 0.025 0.0140625
5 0.7578125 0.50234375 0.021875 0.015625
1 0.803125 0.525 0.0984375 0.01875
9 0.75625 0.58828125 0.025 0.01875
14 0.76875 0.61015625 0.059375 0.015625
19 0.98203125 0.61171875 0.0359375 0.0171875
19 0.89609375 0.63203125 0.090625 0.01875
19 0.7859375 0.6515625 0.0890625 0.015625
4 0.77890625 0.67265625 0.0359375 0.0140625
7 0.92421875 0.6953125 0.0578125 0.0171875
6 0.75625 0.7140625 0.03125 0.0125
10 0.86171875 0.48515625 0.071875 0.01875