2 0.21328125 0.10625 0.08359375 0.02734375
5 0.8375 0.1 0.01875 0.01953125
5 0.39765625 0.140625 0.01875 0.0125
3 0.6953125 0.10078125 0.03359375 0.01328125
4 0.7125 0.2171875 0.028125 0.01171875
19 0.63359375 0.23671875 0.075 0.0125
19 0.5234375 0.25625 0.07890625 0.01328125
19 0.425 0.27578125 0.07734375 0.0125
4 0.41875 0.29375 0.0296875 0.01484375
19 0.9203125 0.29609375 0.07578125 0.015625
19 0.78203125 0.31328125 0.0765625 0.0140625
19 0.71171875 0.33203125 0.07734375 0.01328125
4 0.6625 0.54765625 0.03125 0.015625
4 0.66328125 0.56640625 0.03203125 0.0109375
18 0.9296875 0.5265625 0.05859375 0.01328125
11 0.52578125 0.1015625 0.1359375 0.02265625
15 0.4171875 0.121875 0.02890625 0.01484375
1 0.45 0.159375 0.0890625 0.015625
14 0.4125 0.2359375 0.05390625 0.01953125
8 0.84140625 0.23671875 0.04765625 0.0203125
13 0.709375 0.29375 0.05234375 0.01640625
7 0.5625 0.31328125 0.05390625 0.01640625
6 0.40390625 0.334375 0.02890625 0.01796875
17 0.83203125 0.4515625 0.05390625 0.01796875
17 0.934375 0.471875 0.0625 0.01484375
16 0.75 0.58515625 0.06015625 0.0234375
12 0.6609375 0.1203125 0.04453125 0.01640625
10 0.49921875 0.12265625 0.06640625 0.02109375
9 0.39765625 0.2171875 0.02109375 0.01171875
0 0.64765625 0.275 0.01796875 0.0125
6 0.7171875 0.25390625 0.025 0.01171875