18 0.30703125 0.13359375 0.05625 0.0203125
4 0.0359375 0.17265625 0.040625 0.0203125
4 0.040625 0.19453125 0.0375 0.01875
16 0.12578125 0.20625 0.0625 0.01875
17 0.20234375 0.059375 0.0578125 0.0234375
11 0.58984375 0.0078125 0.1265625 0.015625
15 0.496875 0.0328125 0.021875 0.0125
10 0.57109375 0.02734375 0.0625 0.0140625
12 0.70703125 0.0171875 0.0453125 0.015625
5 0.4828125 0.05234375 0.01875 0.0109375
1 0.521875 0.06875 0.0765625 0.01875
9 0.4859375 0.13203125 0.0171875 0.0171875
4 0.771875 0.1125 0.0328125 0.0140625
14 0.5015625 0.1484375 0.046875 0.01875
19 0.70078125 0.13828125 0.0765625 0.021875
8 0.89921875 0.1234375 0.05 0.0171875
19 0.60625 0.1640625 0.0734375 0.01875
6 0.7953125 0.15 0.025 0.0125
19 0.51640625 0.18984375 0.0734375 0.0171875
0 0.71875 0.1765625 0.015625 0.0140625
4 0.51171875 0.21015625 0.03125 0.0140625
13 0.76953125 0.1921875 0.0484375 0.0171875
19 0.96484375 0.178125 0.0703125 0.01875
7 0.6359375 0.22265625 0.046875 0.01875
19 0.84765625 0.20859375 0.071875 0.01875
6 0.49609375 0.25 0.028125 0.0171875
19 0.7796875 0.23359375 0.071875 0.0203125
17 0.896875 0.346875 0.05625 0.015625
17 0.98203125 0.36015625 0.0359375 0.0171875
18 0.98203125 0.4203125 0.0359375 0.015625
4 0.73203125 0.45703125 0.03125 0.0140625
4 0.73359375 0.47734375 0.03125 0.0140625
16 0.83984375 0.490625 0.05625 0.01875
19 0.01484375 0.58515625 0.0296875 0.0109375
13 0.2421875 0.58671875 0.046875 0.0140625
7 0.109375 0.6140625 0.0484375 0.01875
19 0.32109375 0.6 0.071875 0.01875
19 0.253125 0.625 0.075 0.0203125
17 0.35703125 0.73671875 0.0234375 0.0203125
4 0.2046875 0.85 0.0296875 0.0140625
4 0.2046875 0.86953125 0.03125 0.0140625
16 0.3140625 0.8828125 0.0578125 0.01875
4 0.475 0.590625 0.03125 0.0171875
4 0.475 0.6109375 0.0328125 0.0171875
16 0.5640625 0.62421875 0.0609375 0.0171875