9 0.15625 0.00703125 0.015625 0.0140625
14 0.1703125 0.0265625 0.046875 0.0171875
19 0.36875 0.0171875 0.0734375 0.015625
8 0.57109375 0.00703125 0.0484375 0.0140625
19 0.278125 0.04140625 0.071875 0.015625
19 0.184375 0.06640625 0.0765625 0.01875
19 0.63125 0.0609375 0.05625 0.01875
19 0.515625 0.08828125 0.0734375 0.0171875
19 0.44765625 0.11171875 0.071875 0.015625
6 0.465625 0.03046875 0.0265625 0.0140625
0 0.3859375 0.05390625 0.015625 0.0125
4 0.18125 0.08515625 0.03125 0.015625
13 0.43828125 0.071875 0.0453125 0.0140625
7 0.30390625 0.09921875 0.0453125 0.015625
6 0.1640625 0.12578125 0.0265625 0.0125
17 0.565625 0.2265625 0.05625 0.01875
17 0.6453125 0.2421875 0.028125 0.015625
18 0.6453125 0.30078125 0.028125 0.0171875
4 0.39921875 0.3359375 0.028125 0.015625
4 0.4 0.35546875 0.03125 0.0140625
16 0.50546875 0.37109375 0.0546875 0.015625
17 0.66953125 0.378125 0.0203125 0.015625
18 0.66875 0.43671875 0.01875 0.0171875
2 0.75625 0.00390625 0.084375 0.0078125
11 0.053125 0.71015625 0.10625 0.0265625
3 0.234375 0.6984375 0.0375 0.01875
5 0.38046875 0.6953125 0.0203125 0.0125
12 0.16796875 0.72421875 0.046875 0.01875
2 0.62109375 0.6953125 0.0765625 0.0125
4 0.24453125 0.825 0.0390625 0.01875
19 0.15703125 0.8515625 0.090625 0.01875
19 0.04609375 0.878125 0.0921875 0.021875
19 0.48203125 0.8953125 0.09375 0.0234375
19 0.33828125 0.92578125 0.0875 0.021875
19 0.25390625 0.95234375 0.0859375 0.0171875
8 0.3984375 0.8375 0.0578125 0.0203125
6 0.27578125 0.86484375 0.0328125 0.01875
0 0.17890625 0.89296875 0.025 0.0203125
13 0.2421875 0.91015625 0.059375 0.0203125
7 0.08125 0.9390625 0.059375 0.021875
10 0.02109375 0.73203125 0.0421875 0.0203125
2 0.76015625 0.771875 0.0796875 0.025
15 0.9484375 0.7796875 0.0203125 0.009375
5 0.934375 0.7984375 0.0171875 0.0109375
1 0.96640625 0.815625 0.0671875 0.01875
9 0.934375 0.8796875 0.0140625 0.0140625
14 0.9484375 0.89765625 0.04375 0.0140625
19 0.9625 0.9375 0.0734375 0.015625
4 0.95703125 0.95703125 0.03125 0.0140625
6 0.9390625 0.99609375 0.028125 0.0078125