17 0.32890625 0.08984375 0.053125 0.0140625
17 0.42265625 0.1109375 0.0546875 0.0140625
18 0.4203125 0.1703125 0.0578125 0.0140625
4 0.15234375 0.1875 0.0296875 0.0140625
4 0.15390625 0.2078125 0.03125 0.0109375
16 0.2609375 0.2296875 0.0578125 0.015625
19 0.95078125 0.028125 0.0734375 0.0140625
19 0.82734375 0.046875 0.071875 0.015625
19 0.75625 0.06640625 0.0734375 0.015625
0 0.6984375 0.0046875 0.01875 0.009375
13 0.75 0.025 0.05 0.0171875
7 0.61328125 0.04296875 0.05 0.0171875
17 0.86640625 0.1875 0.0546875 0.0140625
17 0.959375 0.209375 0.053125 0.0171875
18 0.95390625 0.26875 0.0578125 0.015625
4 0.69375 0.28671875 0.0359375 0.0140625
4 0.6921875 0.30390625 0.028125 0.0140625
16 0.8 0.3296875 0.059375 0.01875
15 0.0359375 0.403125 0.025 0.00625
12 0.28984375 0.4046875 0.0546875 0.009375
5 0.0203125 0.41953125 0.021875 0.015625
1 0.065625 0.4421875 0.0984375 0.01875
9 0.01875 0.50546875 0.025 0.01875
4 0.35859375 0.50859375 0.034375 0.0140625
14 0.03125 0.52734375 0.059375 0.015625
19 0.27109375 0.5296875 0.0875 0.0171875
8 0.5078125 0.5296875 0.05625 0.015625
19 0.15859375 0.54921875 0.090625 0.01875
6 0.384375 0.55078125 0.0265625 0.01875
19 0.0484375 0.56875 0.0890625 0.015625
0 0.28828125 0.57109375 0.0203125 0.015625
4 0.04140625 0.58984375 0.0359375 0.0140625
13 0.35 0.59296875 0.053125 0.015625
7 0.18671875 0.6125 0.0578125 0.0171875
19 0.43828125 0.615625 0.0875 0.01875
6 0.01875 0.63125 0.03125 0.0125
19 0.3578125 0.6375 0.090625 0.015625
10 0.1234375 0.40546875 0.071875 0.0109375
17 0.48828125 0.76796875 0.0640625 0.01875
4 0.2828125 0.87109375 0.0359375 0.0171875
4 0.28046875 0.8921875 0.0375 0.01875
16 0.40703125 0.915625 0.078125 0.021875
19 0.91171875 0.4046875 0.0796875 0.009375
19 0.7703125 0.4203125 0.0875 0.015625
17 0.81796875 0.5640625 0.05625 0.021875
17 0.92578125 0.5859375 0.0546875 0.0171875
4 0.64140625 0.6625 0.03125 0.0171875
4 0.6421875 0.6828125 0.034375 0.015625
16 0.728125 0.70390625 0.059375 0.021875
13 0.6953125 0.40546875 0.053125 0.0109375
7 0.55234375 0.41640625 0.0265625 0.0203125
19 0.696875 0.440625 0.0828125 0.0171875
18 0.92109375 0.64765625 0.0546875 0.01875