2 0.28828125 0.09296875 0.07421875 0.02109375
11 0.56640625 0.0859375 0.1234375 0.0109375
3 0.73515625 0.084375 0.028125 0.01171875
5 0.85546875 0.08359375 0.0125 0.0109375
15 0.47265625 0.10625 0.02265625 0.01015625
10 0.546875 0.1078125 0.059375 0.015625
12 0.6828125 0.10546875 0.04453125 0.01328125
5 0.4578125 0.12421875 0.0140625 0.01171875
1 0.4953125 0.14453125 0.07890625 0.0125
9 0.45625 0.2046875 0.015625 0.0125
4 0.7390625 0.203125 0.02890625 0.01171875
14 0.46953125 0.22421875 0.04609375 0.0125
19 0.6671875 0.2234375 0.071875 0.0125
19 0.57421875 0.24375 0.071875 0.0125
19 0.48359375 0.2640625 0.07109375 0.0125
19 0.93125 0.28359375 0.07109375 0.0109375
19 0.80859375 0.303125 0.06953125 0.01015625
19 0.73984375 0.32265625 0.07109375 0.01015625
8 0.865625 0.2234375 0.04609375 0.01328125
6 0.76171875 0.24296875 0.02265625 0.0125
0 0.68203125 0.2625 0.01640625 0.0125
4 0.47734375 0.28359375 0.0296875 0.01171875
13 0.7328125 0.28359375 0.04609375 0.0125
7 0.596875 0.30390625 0.04453125 0.0109375
6 0.45859375 0.321875 0.02578125 0.0125
17 0.8484375 0.44453125 0.05078125 0.0140625
17 0.93828125 0.46484375 0.05078125 0.01171875
18 0.9375 0.525 0.05078125 0.01171875
4 0.678125 0.54375 0.02890625 0.0140625
4 0.6765625 0.5625 0.0296875 0.01015625
16 0.7828125 0.5859375 0.05625 0.015625