11 0.19140625 0.1140625 0.1359375 0.0140625
3 0.378125 0.11328125 0.03125 0.0140625
5 0.5078125 0.11171875 0.01875 0.01484375
15 0.071875 0.13359375 0.02265625 0.0125
10 0.15390625 0.13203125 0.059375 0.0140625
12 0.31796875 0.1296875 0.040625 0.0125
5 0.0546875 0.15234375 0.021875 0.0125
1 0.121875 0.16640625 0.08515625 0.015625
4 0.48125 0.22578125 0.03046875 0.0125
14 0.23984375 0.24453125 0.04921875 0.01171875
8 0.3 0.26171875 0.05 0.01640625
19 0.08671875 0.28125 0.08046875 0.01328125
6 0.33359375 0.278125 0.0265625 0.0125
19 0.3265625 0.2953125 0.078125 0.01328125
0 0.5703125 0.2921875 0.01953125 0.0140625
4 0.3140625 0.31328125 0.0328125 0.01328125
13 0.07109375 0.3328125 0.046875 0.0125
19 0.3640625 0.33046875 0.0765625 0.0140625
7 0.0703125 0.35 0.046875 0.0140625
19 0.44296875 0.3453125 0.0796875 0.0140625
6 0.059375 0.365625 0.028125 0.0109375
19 0.084375 0.3828125 0.07734375 0.01484375
17 0.21953125 0.47890625 0.0546875 0.01328125
17 0.4078125 0.4953125 0.0546875 0.0171875
18 0.4140625 0.5453125 0.053125 0.015625
4 0.3171875 0.56171875 0.03046875 0.01171875
4 0.4875 0.57734375 0.0296875 0.0140625
9 0.053125 0.2296875 0.01171875 0.01171875
2 0.74375 0.1140625 0.059375 0.01796875
16 0.5921875 0.59375 0.05859375 0.0140625
19 0.590625 0.24296875 0.08046875 0.0125