4 0.73828125 0.12109375 0.034375 0.0140625
4 0.7359375 0.14140625 0.0359375 0.015625
17 0.94765625 0.01640625 0.0625 0.0140625
16 0.8625 0.16328125 0.075 0.021875
18 0.1875 0.56171875 0.0609375 0.015625
16 0.0125 0.61875 0.025 0.015625
7 0.6984375 0.5328125 0.05 0.00625
19 0.92265625 0.534375 0.0765625 0.009375
6 0.54609375 0.54375 0.0265625 0.0109375
19 0.84921875 0.55 0.075 0.0125
17 0.96484375 0.67421875 0.0546875 0.0140625
4 0.778125 0.771875 0.028125 0.0125
4 0.7765625 0.790625 0.028125 0.0140625
16 0.88984375 0.81328125 0.0671875 0.0125