17 0.27734375 0.1015625 0.0515625 0.0140625
17 0.365625 0.1234375 0.046875 0.015625
18 0.3625 0.184375 0.0515625 0.015625
4 0.10390625 0.196875 0.03125 0.0140625
4 0.10078125 0.215625 0.028125 0.0125
16 0.20703125 0.24140625 0.0625 0.015625
1 0.4359375 0.00625 0.0875 0.0125
9 0.39453125 0.07109375 0.0109375 0.0203125
4 0.7171875 0.075 0.0359375 0.0140625
14 0.41015625 0.090625 0.0421875 0.01875
19 0.6328125 0.09375 0.084375 0.0171875
19 0.5265625 0.11484375 0.0890625 0.021875
19 0.42578125 0.13359375 0.0734375 0.0171875
19 0.796875 0.1828125 0.084375 0.015625
19 0.7171875 0.2015625 0.0859375 0.0171875
19 0.9375 0.1640625 0.0890625 0.01875
8 0.86328125 0.09921875 0.0546875 0.0203125
6 0.74375 0.11796875 0.0328125 0.0171875
6 0.40078125 0.19765625 0.0234375 0.0171875
0 0.65 0.1359375 0.0203125 0.0171875
13 0.70859375 0.1609375 0.053125 0.0171875
7 0.55546875 0.17734375 0.05625 0.01875
17 0.84140625 0.33359375 0.059375 0.0171875
17 0.94609375 0.3546875 0.0625 0.0171875
18 0.93828125 0.41875 0.059375 0.01875
4 0.64765625 0.4359375 0.0375 0.0140625
4 0.6453125 0.45625 0.0359375 0.015625
16 0.7671875 0.48125 0.0671875 0.01875
7 0.21015625 0.53125 0.04375 0.0171875
6 0.2015625 0.5484375 0.0234375 0.0109375
19 0.225 0.56640625 0.071875 0.0109375
17 0.3453125 0.6640625 0.0515625 0.0140625
6 0.4328125 0.53203125 0.028125 0.0140625
13 0.40625 0.57109375 0.034375 0.0109375
19 0.60625 0.57421875 0.078125 0.0171875
19 0.48046875 0.59375 0.075 0.0140625
19 0.41640625 0.61171875 0.0546875 0.0171875
17 0.52109375 0.73515625 0.0546875 0.0171875
17 0.6171875 0.75625 0.0578125 0.015625
18 0.6125 0.81640625 0.059375 0.015625
16 0.45234375 0.8734375 0.0625 0.0203125