5 0.8015625 0.06015625 0.0234375 0.01875
3 0.6546875 0.0546875 0.034375 0.015625
4 0.66875 0.17734375 0.0375 0.0140625
19 0.58359375 0.19296875 0.084375 0.0203125
19 0.48671875 0.2078125 0.0359375 0.01875
19 0.88046875 0.265625 0.0796875 0.0203125
19 0.73828125 0.28125 0.0875 0.01875
11 0.50703125 0.04375 0.0765625 0.028125
10 0.4765625 0.06484375 0.015625 0.0203125
12 0.6171875 0.07421875 0.053125 0.021875
13 0.66484375 0.259375 0.053125 0.0203125
8 0.79765625 0.203125 0.053125 0.021875
7 0.50625 0.26875 0.0578125 0.021875
19 0.6640625 0.2984375 0.0828125 0.0203125
0 0.59921875 0.234375 0.021875 0.021875
9 0.19140625 0.34296875 0.0171875 0.0078125
14 0.20703125 0.36171875 0.053125 0.015625
19 0.43515625 0.37421875 0.0671875 0.0171875
19 0.33125 0.390625 0.0890625 0.0171875
19 0.22109375 0.40546875 0.0875 0.0171875
0 0.46015625 0.41640625 0.0171875 0.0140625
4 0.2125 0.42578125 0.0390625 0.0171875
7 0.35703125 0.4546875 0.05625 0.01875
6 0.18671875 0.46484375 0.0296875 0.0125
4 0.4375 0.7140625 0.0328125 0.0140625
4 0.4359375 0.7359375 0.040625 0.0203125
19 0.9375 0.3703125 0.071875 0.0140625
4 0.93046875 0.38984375 0.028125 0.015625
6 0.9109375 0.42734375 0.0265625 0.0140625