4 0.20859375 0.06328125 0.028125 0.0125
4 0.20703125 0.08203125 0.028125 0.0140625
16 0.31953125 0.10703125 0.0671875 0.0140625
13 0.7484375 0.0046875 0.05 0.009375
19 0.95625 0.009375 0.08125 0.01875
7 0.60078125 0.01640625 0.0515625 0.0203125
19 0.81953125 0.02421875 0.0796875 0.0234375
6 0.43671875 0.0296875 0.034375 0.0203125
19 0.75078125 0.040625 0.0828125 0.015625
17 0.86328125 0.16171875 0.0546875 0.0203125
18 0.95625 0.2421875 0.0515625 0.01875
4 0.69375 0.253125 0.0328125 0.015625
4 0.69375 0.2734375 0.034375 0.0140625
16 0.77578125 0.2953125 0.0625 0.0171875
4 0.04453125 0.540625 0.0296875 0.0140625
8 0.17578125 0.5640625 0.0484375 0.015625
6 0.0671875 0.58125 0.025 0.0140625
13 0.03359375 0.62109375 0.0453125 0.0140625
19 0.24296875 0.62734375 0.078125 0.0171875
19 0.1140625 0.64296875 0.0734375 0.0171875
19 0.040625 0.6609375 0.0734375 0.015625
17 0.15390625 0.7859375 0.053125 0.0171875
17 0.24765625 0.80859375 0.0546875 0.0140625
16 0.08125 0.92578125 0.059375 0.0140625
18 0.24140625 0.86953125 0.05625 0.015625
4 0.55546875 0.56015625 0.0296875 0.0125
6 0.41015625 0.603125 0.0203125 0.0125
0 0.640625 0.6296875 0.0171875 0.0125
19 0.43671875 0.65546875 0.0734375 0.0171875
19 0.5125 0.67734375 0.075 0.0140625
17 0.47109375 0.82421875 0.0546875 0.015625
18 0.47734375 0.875 0.0578125 0.015625
4 0.54609375 0.909375 0.03125 0.009375
19 0.66640625 0.58046875 0.08125 0.0171875
19 0.41875 0.61953125 0.0375 0.0140625
16 0.64921875 0.93359375 0.059375 0.015625