19 0.2421875 0.05546875 0.0875 0.021875
19 0.10234375 0.08515625 0.0828125 0.025
19 0.034375 0.109375 0.06875 0.01875
13 0.025 0.06640625 0.05 0.0171875
16 0.07421875 0.371875 0.0640625 0.01875
8 0.153125 0.00390625 0.053125 0.0078125
6 0.0265625 0.0234375 0.0265625 0.021875
17 0.15546875 0.22421875 0.059375 0.0203125
18 0.26328125 0.2984375 0.053125 0.021875
19 0.6453125 0.021875 0.0828125 0.0234375
19 0.9578125 0.06328125 0.084375 0.0171875
13 0.73515625 0.0765625 0.05 0.015625
19 0.7390625 0.11796875 0.08125 0.0234375
17 0.9765625 0.246875 0.046875 0.01875
18 0.97578125 0.3078125 0.0484375 0.01875
16 0.79296875 0.37890625 0.0625 0.0171875
8 0.8671875 0.00859375 0.053125 0.0171875
19 0.81171875 0.0921875 0.084375 0.01875
17 0.8734375 0.234375 0.0578125 0.0234375
4 0.6953125 0.340625 0.0375 0.01875
4 0.6953125 0.3609375 0.0328125 0.0171875
6 0.7390625 0.034375 0.0328125 0.021875
0 0.6671875 0.05859375 0.025 0.021875
17 0.0484375 0.62734375 0.0546875 0.01875
17 0.1453125 0.6421875 0.0578125 0.0171875
18 0.1453125 0.70234375 0.059375 0.0171875
16 0.01015625 0.77109375 0.0203125 0.0234375
19 0.63984375 0.6921875 0.0796875 0.021875