17 0.209375 0.00703125 0.053125 0.0140625
18 0.20546875 0.0671875 0.059375 0.0125
16 0.05078125 0.128125 0.0625 0.01875
18 0.59765625 0.09921875 0.0171875 0.0171875
4 0.6078125 0.11796875 0.0328125 0.015625
4 0.60703125 0.14140625 0.034375 0.0140625
16 0.740625 0.1625 0.065625 0.0125
5 0.38828125 0.353125 0.0171875 0.00625
1 0.43359375 0.37109375 0.0921875 0.0203125
9 0.38671875 0.4328125 0.021875 0.01875
14 0.40078125 0.45625 0.053125 0.0171875
19 0.52265625 0.47890625 0.0859375 0.0171875
19 0.41484375 0.4984375 0.0890625 0.0203125
6 0.384375 0.56015625 0.0328125 0.015625
7 0.54921875 0.54375 0.059375 0.0203125
15 0.7859375 0.35234375 0.028125 0.0046875
5 0.77109375 0.3671875 0.021875 0.015625
1 0.81328125 0.38984375 0.09375 0.0234375
10 0.87421875 0.35390625 0.0703125 0.0078125
9 0.765625 0.45078125 0.021875 0.01875
4 0.790625 0.53671875 0.0375 0.015625
14 0.7828125 0.47265625 0.05625 0.0203125
19 0.9859375 0.47734375 0.028125 0.0203125
19 0.90546875 0.496875 0.0859375 0.01875
19 0.79609375 0.51484375 0.0875 0.0171875
6 0.76640625 0.578125 0.034375 0.01875
7 0.93359375 0.5609375 0.059375 0.01875