4 0.309375 0.003125 0.03125 0.00625
14 0.0390625 0.00703125 0.046875 0.0140625
19 0.234375 0.01640625 0.0734375 0.015625
19 0.14296875 0.03125 0.0734375 0.0171875
6 0.328125 0.03984375 0.0234375 0.0140625
19 0.05078125 0.0453125 0.06875 0.015625
0 0.24765625 0.05625 0.01875 0.0140625
4 0.04375 0.065625 0.03125 0.0140625
13 0.296875 0.078125 0.0453125 0.015625
7 0.16328125 0.09140625 0.0453125 0.0171875
19 0.34296875 0.10234375 0.0140625 0.0171875
6 0.02265625 0.10390625 0.0265625 0.0125
19 0.303125 0.11953125 0.071875 0.01875
4 0.23046875 0.3359375 0.0265625 0.0140625
4 0.2296875 0.3546875 0.028125 0.0109375
16 0.32734375 0.38125 0.0453125 0.015625
18 0.42109375 0.03046875 0.05625 0.0171875
4 0.48828125 0.06484375 0.028125 0.0140625
16 0.59140625 0.0875 0.0578125 0.015625
17 0.23828125 0.503125 0.065625 0.0203125
17 0.33125 0.5296875 0.0375 0.021875
18 0.32734375 0.5921875 0.0453125 0.021875
4 0.0234375 0.5984375 0.0390625 0.015625
4 0.021875 0.61953125 0.0375 0.0171875
16 0.14921875 0.6484375 0.071875 0.0203125
17 0.653125 0.49375 0.059375 0.01875
17 0.3578125 0.5234375 0.015625 0.01875
18 0.43515625 0.590625 0.0578125 0.01875
4 0.4640625 0.6109375 0.0328125 0.0171875
4 0.4625 0.634375 0.034375 0.015625
16 0.59453125 0.66015625 0.065625 0.015625