4 0.090625 0.00546875 0.028125 0.0109375
4 0.08984375 0.02421875 0.03125 0.0125
16 0.19765625 0.0453125 0.05625 0.015625
4 0.38671875 0.0921875 0.028125 0.0125
8 0.51796875 0.1109375 0.046875 0.015625
6 0.41171875 0.13046875 0.028125 0.0140625
13 0.38125 0.17265625 0.04375 0.0140625
19 0.5875 0.1703125 0.078125 0.0109375
19 0.4609375 0.190625 0.071875 0.0125
19 0.38828125 0.21171875 0.0734375 0.0125
17 0.50625 0.33203125 0.0515625 0.0125
17 0.59921875 0.3515625 0.053125 0.0125
18 0.5984375 0.4109375 0.059375 0.015625
4 0.28359375 0.58515625 0.0296875 0.0125
4 0.28203125 0.60546875 0.034375 0.009375
2 0.48203125 0.434375 0.084375 0.028125
5 0.66640625 0.46875 0.01875 0.0125
3 0.9640625 0.42890625 0.034375 0.0125
4 0.98125 0.5453125 0.028125 0.0125
19 0.90234375 0.56484375 0.075 0.0125
19 0.7921875 0.584375 0.078125 0.0125
19 0.69375 0.60390625 0.078125 0.0125
4 0.6875 0.621875 0.0296875 0.015625
19 0.9703125 0.659375 0.059375 0.0125
4 0.93125 0.87578125 0.03125 0.015625
4 0.93203125 0.89453125 0.03125 0.0109375
11 0.79453125 0.4296875 0.1359375 0.021875
15 0.6859375 0.45 0.028125 0.015625
1 0.71875 0.4875 0.0890625 0.015625
14 0.68125 0.5640625 0.053125 0.01875
13 0.97578125 0.621875 0.0484375 0.015625
7 0.83125 0.64140625 0.053125 0.015625
6 0.67265625 0.6625 0.028125 0.01875
12 0.9296875 0.4484375 0.04375 0.015625
10 0.76796875 0.45078125 0.065625 0.021875
9 0.66640625 0.5453125 0.021875 0.0125
0 0.91640625 0.603125 0.01875 0.0125
6 0.9859375 0.58203125 0.025 0.0125