4 0.62890625 0.071875 0.0296875 0.0140625
4 0.62734375 0.09140625 0.03125 0.0140625
1 0.7015625 0.01953125 0.084375 0.0234375
4 0.990625 0.10625 0.01875 0.01875
14 0.67421875 0.10625 0.0296875 0.01875
19 0.88203125 0.12265625 0.084375 0.0203125
19 0.77890625 0.13515625 0.0875 0.0203125
19 0.68515625 0.14921875 0.0515625 0.0203125
19 0.9625 0.23671875 0.075 0.0203125
6 0.9890625 0.14921875 0.021875 0.0140625
0 0.90859375 0.16484375 0.0171875 0.0171875
4 0.66796875 0.16953125 0.0171875 0.0171875
13 0.98125 0.19296875 0.0375 0.0203125
7 0.7984375 0.20078125 0.053125 0.021875
17 0.7375 0.4 0.0609375 0.021875
4 0.34375 0.4453125 0.040625 0.0203125
4 0.56796875 0.74140625 0.0390625 0.0203125
4 0.56640625 0.76484375 0.0390625 0.0203125
19 0.35 0.42734375 0.090625 0.0171875
19 0.63671875 0.51171875 0.0453125 0.0234375
6 0.315625 0.48671875 0.0328125 0.01875
0 0.59609375 0.44296875 0.025 0.01875
13 0.6421875 0.4671875 0.034375 0.01875
7 0.48984375 0.47890625 0.05625 0.0234375
19 0.98671875 0.4765625 0.0265625 0.015625
4 0.74921875 0.42265625 0.0296875 0.0078125
13 0.990625 0.4375 0.01875 0.015625
7 0.86796875 0.4484375 0.0453125 0.0140625
6 0.72890625 0.45703125 0.0265625 0.0140625
4 0.9328125 0.69375 0.0296875 0.015625
4 0.9296875 0.7125 0.0296875 0.0125