17 0.80625 0.00703125 0.065625 0.0140625
18 0.80390625 0.06796875 0.0609375 0.025
4 0.503125 0.1125 0.0390625 0.021875
4 0.503125 0.13203125 0.0421875 0.01875
16 0.63203125 0.1453125 0.06875 0.021875
13 0.31953125 0.64296875 0.046875 0.0140625
7 0.31953125 0.66015625 0.0453125 0.01875
6 0.31015625 0.678125 0.0234375 0.0109375
19 0.3359375 0.6921875 0.078125 0.01875
9 0.29609375 0.5484375 0.015625 0.0125
19 0.33125 0.5953125 0.078125 0.01875
11 0.5921875 0.56171875 0.1625 0.03125
3 0.78984375 0.55 0.0421875 0.0171875
5 0.9390625 0.540625 0.021875 0.0171875
15 0.47734375 0.59375 0.0265625 0.0171875
10 0.57421875 0.5875 0.0734375 0.01875
12 0.7390625 0.57734375 0.053125 0.0203125
5 0.46328125 0.61484375 0.021875 0.0171875
1 0.51015625 0.63125 0.0953125 0.0234375
4 0.83046875 0.6796875 0.034375 0.015625
19 0.71484375 0.71015625 0.0859375 0.0203125
8 0.94921875 0.69375 0.059375 0.0203125
19 0.6078125 0.73671875 0.0890625 0.0203125
6 0.82890625 0.7234375 0.0265625 0.0171875
19 0.49765625 0.76484375 0.084375 0.01875
0 0.74453125 0.75078125 0.0171875 0.0140625
4 0.4921875 0.78828125 0.034375 0.0171875
13 0.828125 0.76796875 0.0484375 0.0171875
7 0.6359375 0.803125 0.0515625 0.0171875
19 0.90703125 0.7859375 0.09375 0.0203125
19 0.81484375 0.81640625 0.0890625 0.021875
6 0.47109375 0.83515625 0.0265625 0.015625
17 0.9328125 0.94375 0.065625 0.01875
14 0.4828125 0.72578125 0.0546875 0.0203125
9 0.4671875 0.703125 0.0203125 0.0203125