2 0.29140625 0.0953125 0.0734375 0.02109375
11 0.56875 0.08671875 0.121875 0.01484375
3 0.734375 0.0859375 0.028125 0.015625
5 0.853125 0.084375 0.015625 0.01328125
15 0.47421875 0.109375 0.0234375 0.01328125
10 0.546875 0.11015625 0.059375 0.015625
12 0.6828125 0.10859375 0.040625 0.015625
5 0.4609375 0.12890625 0.01953125 0.0125
1 0.496875 0.14765625 0.075 0.01640625
9 0.45859375 0.2078125 0.01875 0.01328125
4 0.7390625 0.20546875 0.02890625 0.0140625
14 0.471875 0.22734375 0.046875 0.01484375
19 0.66640625 0.22734375 0.06953125 0.01328125
19 0.575 0.2484375 0.071875 0.0140625
19 0.48359375 0.2671875 0.071875 0.01328125
19 0.928125 0.28828125 0.06953125 0.01484375
19 0.8078125 0.3078125 0.071875 0.0125
19 0.740625 0.328125 0.075 0.0109375
8 0.8640625 0.22421875 0.0453125 0.01953125
6 0.7609375 0.2453125 0.0234375 0.0171875
0 0.6828125 0.26640625 0.0171875 0.01171875
4 0.47890625 0.2875 0.028125 0.01171875
13 0.73203125 0.28671875 0.0453125 0.0125
7 0.6 0.3078125 0.04375 0.01328125
6 0.459375 0.32578125 0.02578125 0.01328125
17 0.84921875 0.4484375 0.05078125 0.01328125
17 0.9359375 0.46875 0.053125 0.01328125
18 0.93671875 0.52890625 0.0515625 0.0125
4 0.67890625 0.5484375 0.0265625 0.01171875
4 0.678125 0.56875 0.0296875 0.0125
16 0.784375 0.5890625 0.05546875 0.01328125