5 0.15390625 0.0109375 0.015625 0.0125
1 0.21796875 0.02421875 0.0828125 0.0171875
4 0.5703125 0.0671875 0.028125 0.0140625
14 0.34140625 0.0953125 0.05 0.0140625
8 0.39453125 0.11015625 0.05 0.0171875
6 0.42890625 0.12421875 0.025 0.0125
19 0.19140625 0.1375 0.0734375 0.01875
19 0.42421875 0.14140625 0.075 0.0171875
0 0.65703125 0.1296875 0.015625 0.0125
4 0.421875 0.15859375 0.028125 0.0125
13 0.17890625 0.18515625 0.0453125 0.0140625
19 0.4609375 0.171875 0.075 0.0171875
7 0.178125 0.20234375 0.0453125 0.015625
19 0.534375 0.18515625 0.0703125 0.015625
6 0.1703125 0.21953125 0.025 0.0125
19 0.19375 0.2359375 0.071875 0.015625
16 0.33828125 0.246875 0.0625 0.0171875
17 0.32578125 0.3234375 0.053125 0.0140625
17 0.50859375 0.33203125 0.053125 0.015625
18 0.49375 0.38203125 0.0484375 0.0140625
4 0.4234375 0.4015625 0.025 0.0125
4 0.58671875 0.41015625 0.0296875 0.0125
9 0.15703125 0.08984375 0.01875 0.0125
19 0.65546875 0.0796875 0.0265625 0.015625
14 0.67890625 0.01796875 0.0203125 0.0140625
19 0.8734375 0.0078125 0.075 0.015625
19 0.77890625 0.0328125 0.0796875 0.01875
6 0.97578125 0.021875 0.028125 0.0140625
19 0.69453125 0.059375 0.0515625 0.015625
0 0.89296875 0.04609375 0.0171875 0.015625
4 0.68515625 0.078125 0.0328125 0.015625
13 0.94765625 0.06328125 0.04375 0.0125
19 0.95625 0.10390625 0.0734375 0.01875
7 0.81015625 0.09140625 0.0484375 0.01875
6 0.6734375 0.11875 0.009375 0.015625
4 0.90859375 0.32734375 0.0328125 0.015625
4 0.9109375 0.3484375 0.0328125 0.0140625
16 0.99375 0.36171875 0.0125 0.0234375
19 0.0390625 0.5203125 0.078125 0.021875
19 0.4609375 0.5390625 0.09375 0.0265625
19 0.31875 0.56953125 0.090625 0.0234375
19 0.2359375 0.5953125 0.090625 0.0234375
0 0.1640625 0.53359375 0.025 0.0203125
6 0.25859375 0.51328125 0.0296875 0.0078125
13 0.2265625 0.553125 0.05625 0.0203125
7 0.0703125 0.58203125 0.0578125 0.021875
17 0.37421875 0.71875 0.065625 0.0234375
17 0.48125 0.73046875 0.0640625 0.0234375
18 0.48203125 0.796875 0.0671875 0.025
4 0.184375 0.83671875 0.0390625 0.01875
4 0.1859375 0.85625 0.0390625 0.01875
16 0.30859375 0.871875 0.06875 0.0234375
12 0.68046875 0.5203125 0.0234375 0.015625
4 0.8359375 0.60859375 0.028125 0.0125
8 0.6796875 0.65 0.021875 0.01875
6 0.69921875 0.665625 0.0265625 0.0109375
19 0.6984375 0.68203125 0.059375 0.0140625
0 0.9234375 0.67109375 0.0125 0.0125
4 0.69140625 0.6984375 0.028125 0.0125
19 0.72890625 0.7125 0.0734375 0.01875
19 0.80234375 0.725 0.0703125 0.0171875
17 0.78046875 0.87421875 0.05 0.015625
18 0.76328125 0.9234375 0.05 0.01875
4 0.69375 0.94453125 0.0265625 0.0109375
4 0.853125 0.9515625 0.028125 0.0140625
16 0.94765625 0.96796875 0.05625 0.0171875
19 0.94296875 0.61875 0.078125 0.0203125