19 0.0609375 0.0390625 0.078125 0.0203125
17 0.009375 0.20625 0.01875 0.01875
17 0.08828125 0.21875 0.05625 0.0171875
18 0.0890625 0.2796875 0.0578125 0.01875
11 0.6796875 0.04765625 0.1234375 0.021875
3 0.84765625 0.03125 0.0296875 0.0140625
5 0.96796875 0.01953125 0.0140625 0.0125
15 0.58828125 0.07578125 0.0234375 0.0125
10 0.6625 0.07109375 0.0609375 0.0203125
12 0.79765625 0.05703125 0.0453125 0.0171875
5 0.575 0.0953125 0.015625 0.0125
1 0.6140625 0.11171875 0.0796875 0.01875
9 0.58046875 0.175 0.0171875 0.0140625
4 0.8625 0.14921875 0.0296875 0.0140625
14 0.5953125 0.19375 0.046875 0.0171875
19 0.7921875 0.17578125 0.0734375 0.01875
19 0.7015625 0.20390625 0.0734375 0.01875
19 0.61328125 0.23203125 0.071875 0.01875
19 0.940625 0.24296875 0.0703125 0.015625
19 0.8734375 0.26796875 0.071875 0.015625
8 0.9828125 0.15859375 0.034375 0.0171875
6 0.88828125 0.18671875 0.0234375 0.0140625
0 0.8109375 0.21328125 0.0171875 0.0140625
4 0.60859375 0.25234375 0.03125 0.0140625
13 0.86328125 0.2296875 0.046875 0.0171875
7 0.7296875 0.26171875 0.0453125 0.0140625
6 0.59296875 0.29140625 0.0265625 0.0140625
17 0.9828125 0.3796875 0.034375 0.01875
4 0.1359375 0.390625 0.03125 0.003125
19 0.0625 0.41328125 0.075 0.0203125
19 0.34453125 0.446875 0.0765625 0.0171875
19 0.21953125 0.47890625 0.078125 0.01875
19 0.1484375 0.50625 0.0765625 0.0234375
8 0.27109375 0.39609375 0.0484375 0.0140625
6 0.16328125 0.421875 0.028125 0.0171875
0 0.08203125 0.45 0.01875 0.015625
13 0.1359375 0.4671875 0.05 0.0171875
7 0.01171875 0.49765625 0.0234375 0.0203125
17 0.275 0.61796875 0.0546875 0.0171875
17 0.37265625 0.62890625 0.053125 0.021875
18 0.37578125 0.68828125 0.059375 0.0203125
4 0.1078125 0.73359375 0.03125 0.0171875
4 0.1109375 0.75234375 0.0328125 0.015625
16 0.22265625 0.76328125 0.0609375 0.0234375
2 0.603125 0.4625 0.078125 0.0296875
11 0.8921875 0.434375 0.1265625 0.0265625
15 0.79140625 0.4625 0.0265625 0.015625
10 0.871875 0.45546875 0.059375 0.0203125
5 0.77734375 0.48125 0.01875 0.0171875
1 0.8265625 0.496875 0.084375 0.0203125
9 0.78046875 0.5546875 0.01875 0.015625
19 0.9828125 0.55625 0.034375 0.01875
19 0.89921875 0.584375 0.0765625 0.0203125
19 0.8109375 0.6109375 0.075 0.01875
4 0.80625 0.6296875 0.0328125 0.015625
7 0.94296875 0.6375 0.046875 0.01875
6 0.790625 0.66875 0.028125 0.0125
14 0.79609375 0.575 0.05 0.01875