2 0.30546875 0.09140625 0.0765625 0.02109375
11 0.5828125 0.0859375 0.125 0.01328125
3 0.75 0.08359375 0.0296875 0.01328125
5 0.86953125 0.0828125 0.01328125 0.01328125
15 0.48828125 0.10625 0.0203125 0.0109375
10 0.5609375 0.1078125 0.059375 0.0140625
12 0.6984375 0.10390625 0.0421875 0.0109375
5 0.4734375 0.125 0.0140625 0.01015625
1 0.50859375 0.1453125 0.078125 0.01484375
9 0.47265625 0.20390625 0.0140625 0.0109375
4 0.75390625 0.20390625 0.0296875 0.0125
14 0.48515625 0.225 0.04375 0.01484375
19 0.68203125 0.225 0.07109375 0.01484375
19 0.5890625 0.24453125 0.07109375 0.01328125
19 0.4984375 0.265625 0.07109375 0.0109375
19 0.94453125 0.28359375 0.0703125 0.0109375
19 0.8234375 0.30546875 0.07109375 0.01328125
19 0.7546875 0.325 0.071875 0.01328125
8 0.88046875 0.2234375 0.04921875 0.0140625
6 0.7765625 0.24296875 0.028125 0.01328125
0 0.69765625 0.2640625 0.01484375 0.0125
4 0.49296875 0.28515625 0.028125 0.0140625
13 0.74765625 0.284375 0.04765625 0.01484375
7 0.61328125 0.30390625 0.046875 0.0140625
6 0.475 0.3234375 0.0265625 0.0125
17 0.865625 0.4453125 0.0546875 0.0140625
17 0.953125 0.465625 0.05078125 0.0140625
18 0.95078125 0.52578125 0.0515625 0.015625
4 0.69375 0.54453125 0.028125 0.0140625
4 0.69296875 0.56328125 0.02890625 0.0125
16 0.79921875 0.58671875 0.053125 0.0140625