9 0.325 0.30390625 0.01875 0.0171875
4 0.34609375 0.3890625 0.040625 0.0203125
14 0.3390625 0.32578125 0.059375 0.01875
19 0.4296875 0.35234375 0.01875 0.0203125
19 0.3515625 0.36796875 0.090625 0.0234375
6 0.31875 0.43125 0.0328125 0.01875
8 0.5484375 0.35234375 0.0546875 0.0171875
19 0.621875 0.421875 0.090625 0.0234375
19 0.47890625 0.434375 0.0796875 0.025
17 0.51640625 0.5859375 0.065625 0.021875
17 0.621875 0.6125 0.0609375 0.0203125
18 0.61328125 0.67578125 0.0640625 0.0234375
16 0.45390625 0.7296875 0.0296875 0.021875