2 0.24453125 0.08515625 0.0765625 0.03359375
5 0.8625 0.078125 0.01953125 0.0171875
18 0.94765625 0.51328125 0.05546875 0.01484375
16 0.76796875 0.571875 0.05703125 0.0140625
19 0.65546875 0.2171875 0.07578125 0.0109375
19 0.9421875 0.27578125 0.08125 0.0171875
19 0.54453125 0.2359375 0.0765625 0.0171875
4 0.73828125 0.19765625 0.0265625 0.01328125
4 0.446875 0.275 0.0296875 0.0140625
19 0.8046875 0.29609375 0.0765625 0.0140625
4 0.68203125 0.53203125 0.0296875 0.01328125
4 0.68046875 0.55234375 0.034375 0.009375
3 0.7203125 0.0765625 0.034375 0.01953125
5 0.4265625 0.11796875 0.0171875 0.01953125
1 0.47421875 0.14140625 0.0890625 0.02109375
14 0.440625 0.2171875 0.05 0.01328125
13 0.73671875 0.278125 0.0484375 0.0125
19 0.45234375 0.25625 0.075 0.01328125
8 0.8609375 0.2171875 0.0484375 0.0171875
19 0.73671875 0.31640625 0.078125 0.0171875
7 0.5859375 0.29765625 0.05390625 0.02109375
15 0.4421875 0.09921875 0.025 0.0171875
6 0.428125 0.31484375 0.0328125 0.01640625
10 0.52578125 0.09921875 0.06015625 0.01640625
11 0.55 0.0796875 0.13359375 0.01875
17 0.953125 0.4546875 0.0609375 0.01640625
17 0.84921875 0.43515625 0.05703125 0.0171875
12 0.68671875 0.1 0.04296875 0.0171875
0 0.671875 0.25625 0.01640625 0.01796875
9 0.425 0.19765625 0.01875 0.01796875