2 0.21796875 0.12421875 0.05 0.01640625
11 0.53515625 0.11796875 0.12734375 0.0140625
3 0.70859375 0.11640625 0.0328125 0.01328125
5 0.83125 0.11328125 0.01875 0.0125
15 0.4203125 0.13671875 0.021875 0.0125
10 0.4984375 0.134375 0.0625 0.015625
12 0.65234375 0.134375 0.04296875 0.01328125
5 0.40390625 0.1515625 0.01875 0.0125
1 0.46953125 0.16640625 0.0828125 0.0125
4 0.81328125 0.2265625 0.02890625 0.0140625
14 0.584375 0.24609375 0.04765625 0.01328125
8 0.6375 0.26171875 0.05078125 0.015625
19 0.43671875 0.28125 0.075 0.01640625
6 0.67265625 0.278125 0.0265625 0.01328125
19 0.66796875 0.2953125 0.07421875 0.0140625
0 0.90078125 0.29375 0.02109375 0.01328125
4 0.6625 0.31171875 0.0296875 0.0125
13 0.421875 0.3296875 0.046875 0.01328125
19 0.69921875 0.32734375 0.075 0.0140625
19 0.77421875 0.34375 0.07109375 0.0140625
7 0.42109375 0.346875 0.0484375 0.01484375
6 0.41328125 0.3640625 0.02578125 0.01484375
19 0.4375 0.38125 0.07890625 0.0125
17 0.5640625 0.4765625 0.05078125 0.01484375
17 0.74765625 0.4921875 0.05546875 0.0140625
18 0.72890625 0.54140625 0.04921875 0.015625
4 0.659375 0.55859375 0.028125 0.01171875
4 0.81953125 0.57265625 0.028125 0.0125
9 0.4046875 0.23125 0.009375 0.01171875
16 0.91640625 0.59140625 0.05625 0.01171875
19 0.91953125 0.240625 0.0765625 0.0140625