4 0.34921875 0.0828125 0.040625 0.0203125
14 0.04296875 0.090625 0.04375 0.015625
19 0.26328125 0.0984375 0.0734375 0.0171875
19 0.1484375 0.11328125 0.075 0.0171875
13 0.34140625 0.165625 0.0515625 0.015625
4 0.05 0.14921875 0.0296875 0.0140625
19 0.053125 0.12890625 0.075 0.0203125
19 0.34140625 0.20546875 0.078125 0.021875
4 0.2765625 0.42734375 0.040625 0.01875
4 0.27890625 0.44921875 0.0359375 0.0171875
16 0.3625 0.471875 0.0625 0.0171875
1 0.08125 0.00859375 0.09375 0.0171875
8 0.4640625 0.10859375 0.03125 0.0234375
6 0.3515625 0.12265625 0.028125 0.01875
6 0.0265625 0.18828125 0.0328125 0.021875
7 0.18671875 0.17578125 0.05 0.021875
19 0.41328125 0.18828125 0.0796875 0.0203125
17 0.453125 0.33515625 0.053125 0.0234375
0 0.2796875 0.13984375 0.0234375 0.0171875
9 0.0265625 0.06640625 0.01875 0.015625
2 0.61953125 0.0203125 0.1 0.0328125
11 0.9390625 0.02734375 0.121875 0.0234375
15 0.840625 0.04453125 0.025 0.0140625
5 0.82265625 0.0640625 0.021875 0.0171875
1 0.86796875 0.08828125 0.0984375 0.021875
9 0.81796875 0.15 0.0265625 0.01875
14 0.83046875 0.17265625 0.059375 0.0171875
19 0.95546875 0.1984375 0.0890625 0.021875
19 0.84609375 0.2140625 0.0890625 0.01875
4 0.83828125 0.234375 0.0359375 0.015625
7 0.9765625 0.2625 0.046875 0.01875
6 0.8140625 0.27578125 0.03125 0.0140625
10 0.92734375 0.05 0.0734375 0.0203125
11 0.2984375 0.5765625 0.15 0.0265625
5 0.16484375 0.61328125 0.01875 0.0203125
15 0.18203125 0.59296875 0.028125 0.0140625
10 0.26875 0.5984375 0.0765625 0.025
12 0.4328125 0.60546875 0.053125 0.021875
1 0.20703125 0.63828125 0.0921875 0.0234375
9 0.15546875 0.69453125 0.0234375 0.025
4 0.1765625 0.78125 0.0390625 0.01875
14 0.1734375 0.71953125 0.0578125 0.0203125
19 0.40625 0.73125 0.0875 0.0234375
19 0.29375 0.74609375 0.09375 0.0234375
19 0.1859375 0.7609375 0.0875 0.0203125
19 0.46015625 0.840625 0.0390625 0.021875
6 0.153125 0.82265625 0.03125 0.021875
0 0.421875 0.7734375 0.0203125 0.0203125
13 0.465625 0.7984375 0.028125 0.01875
7 0.31875 0.81015625 0.0546875 0.021875
19 0.64140625 0.6859375 0.084375 0.021875
19 0.515625 0.6984375 0.071875 0.01875
8 0.55234375 0.615625 0.0390625 0.01875
17 0.5171875 0.8546875 0.0640625 0.021875