11 0.56875 0.08828125 0.12265625 0.0140625
3 0.7359375 0.0875 0.03046875 0.01171875
5 0.85546875 0.08515625 0.0171875 0.01328125
15 0.47734375 0.109375 0.0203125 0.0109375
10 0.5484375 0.11015625 0.05703125 0.01484375
12 0.684375 0.10859375 0.04375 0.01328125
5 0.46171875 0.12734375 0.0171875 0.0125
1 0.5 0.14765625 0.0796875 0.01484375
9 0.4609375 0.20703125 0.0171875 0.01328125
4 0.74140625 0.2078125 0.0296875 0.01171875
14 0.4734375 0.228125 0.04609375 0.01171875
19 0.66875 0.22890625 0.07265625 0.0140625
8 0.86796875 0.22578125 0.046875 0.01484375
19 0.57734375 0.24765625 0.071875 0.015625
6 0.76484375 0.246875 0.02421875 0.0125
19 0.4875 0.26796875 0.0734375 0.0125
0 0.684375 0.26640625 0.01875 0.015625
4 0.48125 0.28671875 0.028125 0.0125
13 0.7328125 0.2875 0.04375 0.015625
19 0.93203125 0.28828125 0.06875 0.01640625
7 0.6015625 0.30625 0.04609375 0.01640625
19 0.80859375 0.30703125 0.0703125 0.0125
6 0.46328125 0.32578125 0.0265625 0.01171875
19 0.7421875 0.32734375 0.07265625 0.0140625
17 0.853125 0.44765625 0.0515625 0.0140625
17 0.94140625 0.46640625 0.05078125 0.0125
18 0.93984375 0.52734375 0.0515625 0.0140625
4 0.6828125 0.54609375 0.028125 0.01171875
4 0.68203125 0.56640625 0.03125 0.01171875
16 0.7875 0.5890625 0.05546875 0.0171875
2 0.2921875 0.09140625 0.075 0.02265625