0 0.0671875 0.01796875 0.0203125 0.015625
16 0.06796875 0.3203125 0.059375 0.01875
11 0.52109375 0.05859375 0.134375 0.021875
3 0.69921875 0.0703125 0.034375 0.015625
5 0.8265625 0.07890625 0.015625 0.0125
15 0.4234375 0.0734375 0.021875 0.0109375
10 0.4984375 0.07734375 0.0609375 0.01875
12 0.6421875 0.0859375 0.046875 0.015625
5 0.41015625 0.09296875 0.015625 0.0125
1 0.4453125 0.1140625 0.0765625 0.01875
9 0.403125 0.17109375 0.015625 0.0140625
4 0.69609375 0.19140625 0.03125 0.0125
14 0.41640625 0.19375 0.04375 0.0140625
19 0.6171875 0.2046875 0.078125 0.0171875
8 0.82578125 0.21953125 0.05 0.01875
19 0.51953125 0.21953125 0.078125 0.0171875
6 0.715625 0.23203125 0.0234375 0.0140625
19 0.4265625 0.234375 0.071875 0.01875
0 0.63125 0.24609375 0.021875 0.015625
4 0.4203125 0.25546875 0.03125 0.0140625
13 0.68359375 0.2703125 0.046875 0.0171875
19 0.890625 0.2859375 0.0765625 0.01875
7 0.54140625 0.28203125 0.05 0.0171875
19 0.7640625 0.29765625 0.075 0.01875
6 0.396875 0.29375 0.0234375 0.0125
19 0.6890625 0.31328125 0.078125 0.021875
17 0.796875 0.4421875 0.05625 0.0171875
17 0.88828125 0.46796875 0.05625 0.0171875
17 0.50859375 0.51640625 0.0703125 0.0140625
18 0.61328125 0.58125 0.06875 0.01875
4 0.709375 0.6109375 0.040625 0.015625
4 0.68984375 0.6328125 0.0375 0.015625
16 0.7859375 0.6640625 0.071875 0.0203125