6 0.140625 0.009375 0.034375 0.01875
19 0.45390625 0.003125 0.0828125 0.00625
4 0.4125 0.2140625 0.0328125 0.015625
4 0.4140625 0.234375 0.034375 0.0140625
16 0.4921875 0.24921875 0.053125 0.0171875
9 0.60703125 0.028125 0.015625 0.0125
4 0.89296875 0.01796875 0.0296875 0.0125
14 0.6203125 0.0484375 0.046875 0.015625
19 0.81953125 0.0421875 0.0734375 0.015625
19 0.72734375 0.06484375 0.071875 0.015625
19 0.63359375 0.0875 0.0765625 0.0171875
19 0.9640625 0.115625 0.071875 0.015625
19 0.89609375 0.1375 0.071875 0.015625
6 0.915625 0.05625 0.0265625 0.0140625
0 0.83515625 0.07890625 0.015625 0.0125
4 0.63046875 0.10625 0.03125 0.0140625
13 0.8875 0.09765625 0.0453125 0.0140625
7 0.75234375 0.12265625 0.0453125 0.015625
6 0.6125 0.146875 0.0265625 0.0125
17 0.9921875 0.2546875 0.015625 0.01875
4 0.84375 0.3609375 0.028125 0.015625
4 0.84453125 0.38046875 0.03125 0.0125
16 0.95 0.39765625 0.0546875 0.015625
17 0.3078125 0.584375 0.0515625 0.01875
17 0.4015625 0.6 0.053125 0.0171875
18 0.40078125 0.66015625 0.059375 0.0140625
4 0.1375 0.69375 0.0375 0.0140625
4 0.13671875 0.7125 0.0296875 0.0140625
16 0.24921875 0.72890625 0.0625 0.01875
8 0.54296875 0.51484375 0.0484375 0.0109375
6 0.57890625 0.52578125 0.0265625 0.0125
19 0.5703125 0.54453125 0.078125 0.0171875
0 0.81796875 0.5375 0.0171875 0.0125
4 0.55625 0.5625 0.0328125 0.0140625
19 0.6078125 0.57734375 0.0796875 0.0140625
19 0.6875 0.59296875 0.078125 0.015625
17 0.6515625 0.73984375 0.05625 0.015625
18 0.66015625 0.79140625 0.0625 0.015625
4 0.559375 0.81015625 0.0296875 0.0125
4 0.73203125 0.82265625 0.03125 0.0140625
16 0.83828125 0.8390625 0.0578125 0.015625