2 0.29375 0.08671875 0.078125 0.02109375
11 0.575 0.084375 0.121875 0.0140625
3 0.74609375 0.08515625 0.028125 0.01328125
5 0.86484375 0.0859375 0.01640625 0.01328125
15 0.48125 0.1046875 0.0203125 0.00859375
10 0.5546875 0.1046875 0.059375 0.0125
12 0.69296875 0.10703125 0.04140625 0.0125
5 0.46640625 0.12265625 0.01640625 0.01015625
1 0.503125 0.14296875 0.0765625 0.0140625
9 0.4625 0.20390625 0.0140625 0.0140625
4 0.746875 0.2046875 0.028125 0.0109375
14 0.47578125 0.22265625 0.04296875 0.01171875
19 0.671875 0.22578125 0.06953125 0.0140625
8 0.8734375 0.22578125 0.0453125 0.0140625
19 0.58046875 0.24453125 0.071875 0.01328125
6 0.76796875 0.2453125 0.02265625 0.0125
19 0.4875 0.26328125 0.0734375 0.01171875
0 0.6875 0.26484375 0.0125 0.0140625
4 0.48125 0.28203125 0.03046875 0.0125
13 0.73828125 0.28515625 0.04140625 0.0109375
19 0.9375 0.28828125 0.06953125 0.0125
19 0.81484375 0.30703125 0.06875 0.0109375
7 0.6015625 0.30390625 0.04296875 0.01328125
6 0.46171875 0.32265625 0.028125 0.01171875
19 0.74609375 0.3265625 0.06953125 0.01328125
17 0.8515625 0.4484375 0.0515625 0.0125
17 0.9421875 0.46875 0.0515625 0.01484375
18 0.93828125 0.5296875 0.05078125 0.0140625
4 0.6796875 0.546875 0.03125 0.01328125
4 0.67734375 0.565625 0.028125 0.01171875
16 0.78359375 0.58984375 0.06171875 0.0140625