19 0.01015625 0.03671875 0.0203125 0.0171875
4 0.0125 0.26796875 0.025 0.0140625
16 0.1125 0.29140625 0.0578125 0.0203125
14 0.6765625 0.07734375 0.05625 0.0171875
19 0.90390625 0.09140625 0.0859375 0.01875
19 0.79765625 0.10546875 0.0953125 0.0234375
19 0.6890625 0.11953125 0.084375 0.0203125
19 0.9734375 0.20390625 0.053125 0.0203125
0 0.92890625 0.13359375 0.0109375 0.015625
4 0.68125 0.140625 0.034375 0.0140625
13 0.9921875 0.159375 0.015625 0.015625
7 0.81640625 0.171875 0.053125 0.0203125
17 0.7578125 0.37109375 0.0625 0.021875
18 0.865625 0.43828125 0.0734375 0.021875
4 0.89296875 0.465625 0.0359375 0.0203125
4 0.8921875 0.4859375 0.040625 0.0203125
9 0.6609375 0.05234375 0.0203125 0.021875
3 0.06796875 0.62578125 0.03125 0.0171875
5 0.19921875 0.63125 0.0171875 0.015625
4 0.16484375 0.74140625 0.03125 0.0140625
6 0.01484375 0.7828125 0.028125 0.0140625
19 0.021875 0.8 0.04375 0.01875
0 0.24921875 0.81171875 0.0171875 0.0140625
19 0.03984375 0.83671875 0.0796875 0.0203125
19 0.11875 0.85625 0.075 0.01875
12 0.01484375 0.6375 0.0296875 0.015625
19 0.275 0.76328125 0.0828125 0.015625
4 0.71484375 0.54296875 0.0296875 0.0078125
13 0.98125 0.553125 0.0375 0.01875
6 0.69296875 0.5765625 0.025 0.015625
19 0.97578125 0.58984375 0.0484375 0.0171875
4 0.92734375 0.7984375 0.028125 0.0171875
4 0.92421875 0.81796875 0.03125 0.0140625
16 0.98828125 0.840625 0.0234375 0.021875
7 0.846875 0.565625 0.046875 0.0171875