19 0.69921875 0.003125 0.0828125 0.00625
19 0.6 0.01328125 0.0890625 0.01875
19 0.49609375 0.034375 0.0828125 0.0234375
19 0.98203125 0.071875 0.0359375 0.01875
19 0.87734375 0.0921875 0.084375 0.0203125
19 0.7890625 0.11015625 0.084375 0.01875
8 0.92109375 0.0078125 0.0515625 0.015625
6 0.809375 0.02109375 0.0265625 0.0140625
6 0.46640625 0.096875 0.028125 0.0125
0 0.7265625 0.04140625 0.0140625 0.0140625
4 0.4859375 0.05390625 0.03125 0.015625
13 0.80546875 0.06640625 0.046875 0.01875
7 0.621875 0.0828125 0.0515625 0.01875
17 0.8921875 0.24921875 0.059375 0.0203125
17 0.571875 0.28046875 0.0625 0.0203125
18 0.675 0.34765625 0.0640625 0.01875
4 0.70546875 0.36953125 0.0375 0.01875
4 0.703125 0.38984375 0.0375 0.015625
16 0.83984375 0.415625 0.0734375 0.01875
4 0.3 0.64375 0.0296875 0.015625
4 0.2984375 0.6640625 0.0328125 0.0171875
16 0.384375 0.68671875 0.059375 0.015625