4 0.22734375 0.07890625 0.0359375 0.0171875
19 0.1453125 0.096875 0.078125 0.0171875
8 0.35234375 0.1015625 0.0515625 0.0234375
19 0.03515625 0.11171875 0.0703125 0.0203125
6 0.23046875 0.11953125 0.03125 0.01875
0 0.15859375 0.1328125 0.021875 0.01875
13 0.22265625 0.15546875 0.05 0.0171875
19 0.409375 0.16171875 0.040625 0.0234375
7 0.07421875 0.17109375 0.0515625 0.0203125
19 0.29296875 0.17890625 0.0796875 0.0234375
19 0.22421875 0.1953125 0.0828125 0.015625
17 0.33671875 0.31640625 0.0546875 0.0203125
18 0.41640625 0.396875 0.0265625 0.01875
4 0.1671875 0.4078125 0.0328125 0.015625
4 0.1671875 0.425 0.034375 0.009375
4 0.9859375 0.19609375 0.028125 0.0140625
4 0.98359375 0.21640625 0.0328125 0.0109375
17 0.146875 0.54140625 0.059375 0.0203125
17 0.25 0.56171875 0.0640625 0.01875
16 0.065625 0.68671875 0.06875 0.015625
18 0.24609375 0.62890625 0.065625 0.0203125
2 0.49453125 0.46328125 0.084375 0.0296875
5 0.67734375 0.5046875 0.01875 0.0125
3 0.9765625 0.475 0.034375 0.0140625
4 0.9875 0.5921875 0.025 0.0125
19 0.91015625 0.60859375 0.075 0.015625
19 0.79921875 0.62421875 0.0796875 0.015625
19 0.7 0.640625 0.078125 0.015625
4 0.69296875 0.65859375 0.0296875 0.015625
19 0.97265625 0.70625 0.0546875 0.015625
4 0.928125 0.9203125 0.03125 0.0171875
4 0.928125 0.9390625 0.0328125 0.0125
11 0.80703125 0.46953125 0.1359375 0.028125
15 0.69765625 0.48671875 0.0296875 0.015625
1 0.72890625 0.525 0.0890625 0.01875
14 0.6890625 0.6 0.0546875 0.021875
13 0.978125 0.66875 0.04375 0.01875
7 0.8359375 0.6828125 0.0546875 0.01875
6 0.6765625 0.6984375 0.0296875 0.01875
16 0.99140625 0.9609375 0.0171875 0.025
12 0.94140625 0.49296875 0.0453125 0.0171875
10 0.7796875 0.48984375 0.0671875 0.0234375
9 0.675 0.58125 0.021875 0.0125
0 0.92265625 0.64765625 0.01875 0.0125
6 0.98984375 0.628125 0.0203125 0.0125