9 0.1609375 0.00390625 0.01875 0.0078125
14 0.171875 0.0203125 0.046875 0.01875
19 0.271875 0.04765625 0.0734375 0.0203125
19 0.18203125 0.05859375 0.0734375 0.021875
4 0.17421875 0.07734375 0.028125 0.015625
6 0.15234375 0.11328125 0.028125 0.015625
7 0.29609375 0.10546875 0.0265625 0.0171875
19 0.9078125 0.00234375 0.0875 0.0046875
19 0.77109375 0.00703125 0.0921875 0.0140625
19 0.675 0.01875 0.0890625 0.01875
17 0.7765625 0.159375 0.065625 0.01875
17 0.43046875 0.1734375 0.0625 0.01875
18 0.53359375 0.2421875 0.0609375 0.0140625
4 0.6296875 0.27265625 0.0359375 0.015625
4 0.609375 0.2921875 0.0328125 0.015625
16 0.70390625 0.3203125 0.06875 0.021875
4 0.05234375 0.7921875 0.0328125 0.01875
4 0.05390625 0.8109375 0.0328125 0.0171875
16 0.1390625 0.8359375 0.0609375 0.015625
18 0.30390625 0.79140625 0.0109375 0.0203125
17 0.23125 0.70703125 0.0546875 0.021875
16 0.81328125 0.646875 0.06875 0.025