11 0.06640625 0.06171875 0.1328125 0.0140625
3 0.246875 0.06171875 0.03125 0.015625
5 0.37734375 0.06171875 0.021875 0.0125
10 0.04453125 0.08359375 0.059375 0.015625
12 0.19140625 0.08125 0.0421875 0.0125
1 0.015625 0.121875 0.03125 0.0125
4 0.253125 0.18046875 0.028125 0.0109375
19 0.17421875 0.2 0.0734375 0.015625
8 0.38671875 0.1984375 0.05 0.015625
19 0.075 0.21875 0.071875 0.0171875
6 0.27578125 0.21953125 0.0234375 0.0109375
19 0.00859375 0.2390625 0.0171875 0.0125
0 0.18984375 0.2390625 0.0125 0.0125
13 0.24375 0.2609375 0.046875 0.0109375
7 0.1 0.28125 0.05 0.0125
19 0.325 0.2796875 0.075 0.0125
19 0.25078125 0.29921875 0.075 0.0125
17 0.36875 0.42109375 0.0546875 0.0125
4 0.18359375 0.521875 0.028125 0.0125
4 0.1828125 0.540625 0.028125 0.0125
16 0.29609375 0.56171875 0.0671875 0.0125
4 0.475 0.025 0.03125 0.0109375
19 0.42734375 0.04375 0.0171875 0.0125
8 0.60625 0.04453125 0.05 0.015625
6 0.49765625 0.0640625 0.0234375 0.0125
0 0.42109375 0.084375 0.0046875 0.015625
13 0.46796875 0.1046875 0.0453125 0.0125
19 0.67578125 0.10625 0.075 0.0140625
19 0.55 0.1265625 0.075 0.0125
19 0.4765625 0.14765625 0.0765625 0.015625
17 0.59296875 0.26875 0.0546875 0.0140625
17 0.6859375 0.2875 0.0546875 0.0140625
18 0.68515625 0.3484375 0.05625 0.015625
4 0.425 0.36875 0.0125 0.0125
4 0.42578125 0.38984375 0.0140625 0.0109375
16 0.52578125 0.41015625 0.059375 0.0125
19 0.1453125 0.725 0.084375 0.015625
19 0.02890625 0.74609375 0.0578125 0.0203125
8 0.05546875 0.6578125 0.053125 0.015625
17 0.028125 0.9046875 0.05625 0.01875
2 0.48046875 0.68359375 0.075 0.0203125
11 0.7640625 0.67734375 0.125 0.009375
3 0.93515625 0.67890625 0.028125 0.015625
15 0.66796875 0.696875 0.0234375 0.0125
10 0.74375 0.69921875 0.0625 0.0125
12 0.88359375 0.69765625 0.040625 0.0125
5 0.653125 0.71796875 0.0171875 0.0109375
1 0.69140625 0.7375 0.0765625 0.0140625
9 0.6515625 0.79609375 0.0125 0.0125
4 0.9375 0.796875 0.028125 0.009375
14 0.66484375 0.81640625 0.046875 0.0125
19 0.865625 0.8171875 0.071875 0.015625
19 0.76875 0.8375 0.075 0.0125
6 0.96015625 0.83671875 0.025 0.009375
19 0.67890625 0.85546875 0.078125 0.0125
0 0.8796875 0.85625 0.0125 0.0125
4 0.671875 0.875 0.03125 0.015625
13 0.9296875 0.87578125 0.0453125 0.015625
7 0.7953125 0.89609375 0.046875 0.015625
19 0.98515625 0.896875 0.0296875 0.0125
6 0.6515625 0.9140625 0.025 0.0125
19 0.9375 0.9171875 0.075 0.015625