2 0.28984375 0.09296875 0.07578125 0.0203125
11 0.5734375 0.08671875 0.125 0.01015625
3 0.74453125 0.08828125 0.02890625 0.01484375
5 0.865625 0.0875 0.01796875 0.0140625
15 0.47734375 0.10625 0.0234375 0.01171875
10 0.553125 0.10859375 0.06171875 0.01328125
12 0.69296875 0.10703125 0.04140625 0.01171875
5 0.4625 0.12734375 0.0171875 0.0109375
1 0.50078125 0.146875 0.0765625 0.0140625
9 0.4609375 0.20546875 0.01328125 0.0125
4 0.746875 0.20625 0.028125 0.01015625
14 0.47421875 0.22578125 0.04765625 0.01171875
19 0.675 0.2265625 0.07109375 0.01484375
8 0.8765625 0.228125 0.04453125 0.0140625
19 0.578125 0.246875 0.075 0.0125
6 0.76953125 0.24609375 0.025 0.01015625
19 0.48828125 0.26484375 0.07734375 0.01171875
0 0.6890625 0.265625 0.0125 0.01328125
4 0.48125 0.284375 0.03046875 0.015625
13 0.7390625 0.28515625 0.0453125 0.015625
19 0.94140625 0.28671875 0.0703125 0.0140625
7 0.6046875 0.30546875 0.046875 0.01484375
19 0.81640625 0.30625 0.07109375 0.01328125
6 0.4609375 0.3234375 0.025 0.01171875
19 0.746875 0.3265625 0.07421875 0.01484375
17 0.85859375 0.44609375 0.05390625 0.01640625
17 0.9484375 0.4671875 0.05390625 0.0140625
18 0.94765625 0.52734375 0.0546875 0.01484375
4 0.6828125 0.546875 0.028125 0.0125
4 0.68203125 0.56640625 0.03125 0.01171875
16 0.78984375 0.5875 0.05703125 0.01484375