19 0.30546875 0.00234375 0.0765625 0.0046875
7 0.01875 0.00859375 0.0375 0.0140625
19 0.38359375 0.015625 0.075 0.0125
6 0.0078125 0.025 0.015625 0.0125
19 0.03125 0.04375 0.0625 0.015625
17 0.15703125 0.14296875 0.0546875 0.015625
17 0.34375 0.16328125 0.0546875 0.015625
18 0.3515625 0.21484375 0.0578125 0.015625
4 0.253125 0.22734375 0.0296875 0.0109375
4 0.4203125 0.24765625 0.03125 0.009375
16 0.52421875 0.2703125 0.059375 0.0140625
2 0.7125 0.025 0.0515625 0.015625
11 0.984375 0.0265625 0.03125 0.015625
15 0.91640625 0.04296875 0.021875 0.0109375
10 0.98359375 0.04296875 0.0328125 0.0140625
5 0.89921875 0.05859375 0.015625 0.0125
1 0.96015625 0.07578125 0.0796875 0.0140625
19 0.92734375 0.18828125 0.0734375 0.015625
13 0.91171875 0.234375 0.0453125 0.0125
7 0.91015625 0.2515625 0.0453125 0.0140625
6 0.90078125 0.26796875 0.025 0.0125
19 0.9234375 0.28671875 0.071875 0.0140625
9 0.89609375 0.1375 0.01875 0.0125
17 0.178125 0.66171875 0.0546875 0.015625
17 0.27109375 0.68203125 0.0546875 0.015625
18 0.26875 0.74296875 0.0578125 0.0171875
4 0.0078125 0.759375 0.015625 0.0125
4 0.0078125 0.78046875 0.015625 0.0109375
16 0.10859375 0.80234375 0.059375 0.0140625
17 0.92578125 0.76796875 0.059375 0.0171875
4 0.73203125 0.8703125 0.0375 0.0140625
4 0.7296875 0.890625 0.0359375 0.015625
16 0.8515625 0.915625 0.0671875 0.01875