2 0.28671875 0.0921875 0.07734375 0.0203125
11 0.56953125 0.08515625 0.12578125 0.0125
3 0.73828125 0.084375 0.0296875 0.0125
5 0.86015625 0.0828125 0.01875 0.01328125
15 0.47421875 0.10546875 0.021875 0.01015625
10 0.5484375 0.10703125 0.05859375 0.01171875
12 0.68671875 0.10390625 0.04140625 0.01484375
5 0.459375 0.125 0.0171875 0.01171875
1 0.4984375 0.1453125 0.0828125 0.0140625
9 0.4578125 0.203125 0.015625 0.0125
4 0.74375 0.203125 0.02890625 0.0109375
14 0.4703125 0.2234375 0.04609375 0.0140625
19 0.66953125 0.22421875 0.0734375 0.0125
8 0.871875 0.22265625 0.04765625 0.01484375
19 0.57734375 0.24375 0.071875 0.0125
19 0.4828125 0.26328125 0.07578125 0.01484375
19 0.9375 0.2828125 0.07265625 0.01484375
19 0.8125 0.303125 0.07265625 0.01328125
19 0.74296875 0.32265625 0.071875 0.0125
6 0.765625 0.2421875 0.02578125 0.01328125
0 0.684375 0.26171875 0.01484375 0.01171875
4 0.47890625 0.28203125 0.03125 0.01328125
13 0.7359375 0.28203125 0.0453125 0.01171875
7 0.6 0.30234375 0.04453125 0.0140625
6 0.459375 0.321875 0.02578125 0.01171875
17 0.8546875 0.44375 0.0546875 0.01640625
17 0.9453125 0.46484375 0.0515625 0.01328125
18 0.9453125 0.5234375 0.05546875 0.0140625
4 0.6828125 0.54375 0.028125 0.0140625
4 0.6828125 0.56328125 0.03046875 0.01171875
16 0.7875 0.584375 0.0546875 0.01328125