19 0.265625 0.0046875 0.078125 0.009375
19 0.13671875 0.0125 0.075 0.01875
19 0.0625 0.02734375 0.0734375 0.0171875
17 0.17109375 0.15625 0.053125 0.01875
17 0.2640625 0.1828125 0.0546875 0.015625
16 0.09453125 0.29375 0.059375 0.015625
18 0.25625 0.24296875 0.0578125 0.0171875
4 0.47734375 0.0375 0.0359375 0.0203125
19 0.37734375 0.04921875 0.0359375 0.0203125
19 0.67578125 0.1421875 0.084375 0.021875
19 0.540625 0.15390625 0.0953125 0.0265625
19 0.44140625 0.1671875 0.0921875 0.0234375
8 0.590625 0.06875 0.0546875 0.0203125
6 0.46953125 0.0796875 0.03125 0.0171875
0 0.38046875 0.09296875 0.0234375 0.01875
13 0.4625 0.12265625 0.053125 0.021875
17 0.54140625 0.31328125 0.0703125 0.0234375
4 0.39375 0.4265625 0.040625 0.015625
4 0.37578125 0.4484375 0.0328125 0.015625
16 0.4703125 0.4796875 0.071875 0.0203125
19 0.86484375 0.62109375 0.0703125 0.0046875
17 0.9625 0.74375 0.0515625 0.015625
4 0.78359375 0.8296875 0.0328125 0.015625
4 0.78046875 0.8484375 0.028125 0.0140625
16 0.884375 0.8796875 0.0625 0.01875