2 0.06875 0.05234375 0.05 0.01875
15 0.26953125 0.071875 0.0203125 0.0125
5 0.25390625 0.0859375 0.01875 0.0125
19 0.26171875 0.215625 0.0359375 0.01875
13 0.2609375 0.2640625 0.0375 0.015625
7 0.259375 0.28203125 0.040625 0.0171875
6 0.25546875 0.2984375 0.0265625 0.015625
19 0.259375 0.315625 0.040625 0.015625
9 0.2515625 0.165625 0.009375 0.0125
9 0.4890625 0.009375 0.01875 0.015625
4 0.7859375 0.0203125 0.0328125 0.0171875
14 0.5015625 0.02734375 0.0453125 0.0171875
19 0.709375 0.03515625 0.0734375 0.01875
19 0.60390625 0.05234375 0.0734375 0.0171875
19 0.51484375 0.065625 0.075 0.0171875
8 0.90546875 0.0421875 0.046875 0.0171875
6 0.7890625 0.05625 0.0265625 0.0140625
0 0.72265625 0.0734375 0.01875 0.0171875
4 0.5078125 0.08359375 0.03125 0.015625
13 0.78203125 0.0953125 0.0484375 0.0140625
7 0.640625 0.10859375 0.0453125 0.015625
19 0.971875 0.10234375 0.05625 0.0171875
19 0.84921875 0.11640625 0.075 0.015625
19 0.78125 0.13203125 0.0765625 0.015625
6 0.4875 0.121875 0.025 0.0125
17 0.8890625 0.25390625 0.053125 0.0171875
17 0.978125 0.27578125 0.04375 0.0171875
18 0.97578125 0.33203125 0.0484375 0.0171875
4 0.725 0.33984375 0.03125 0.015625
4 0.72578125 0.35859375 0.028125 0.0140625
16 0.803125 0.38359375 0.05625 0.015625
0 0.009375 0.4296875 0.01875 0.015625
13 0.065625 0.453125 0.05625 0.01875
19 0.26640625 0.4625 0.0265625 0.021875
19 0.15234375 0.4796875 0.0875 0.0234375
19 0.07109375 0.49765625 0.0859375 0.021875
17 0.1953125 0.6296875 0.0640625 0.0203125
18 0.27109375 0.7171875 0.0171875 0.021875
4 0.00546875 0.7484375 0.0109375 0.021875
16 0.11328125 0.775 0.071875 0.021875
4 0.7859375 0.48046875 0.0328125 0.0140625
19 0.70703125 0.4984375 0.0765625 0.015625
19 0.59296875 0.5140625 0.0828125 0.0171875
19 0.49765625 0.53203125 0.078125 0.0171875
19 0.978125 0.56640625 0.04375 0.0171875
4 0.4890625 0.5515625 0.0328125 0.0140625
19 0.78515625 0.59921875 0.0796875 0.01875
4 0.7234375 0.8140625 0.0328125 0.0171875
4 0.7265625 0.83359375 0.03125 0.0171875
16 0.8125 0.8546875 0.0609375 0.0140625
18 0.98515625 0.8046875 0.0296875 0.01875
14 0.4828125 0.4921875 0.0515625 0.01875
1 0.5234375 0.421875 0.09375 0.00625
8 0.9171875 0.5046875 0.0515625 0.0203125
13 0.78515625 0.559375 0.0515625 0.015625
7 0.634375 0.57421875 0.0515625 0.01875
19 0.8546875 0.58125 0.0765625 0.015625
6 0.46953125 0.58984375 0.03125 0.0140625
17 0.9 0.72265625 0.053125 0.0203125
0 0.72421875 0.5375 0.0234375 0.0171875
6 0.79140625 0.52109375 0.040625 0.01875
9 0.471875 0.471875 0.0203125 0.015625