11 0.18984375 0.10703125 0.1359375 0.0109375
3 0.37578125 0.10859375 0.03046875 0.015625
5 0.50703125 0.10703125 0.01640625 0.01484375
15 0.0703125 0.12734375 0.02421875 0.0125
10 0.1515625 0.1265625 0.06171875 0.01640625
5 0.05390625 0.14453125 0.01640625 0.0140625
1 0.11796875 0.15859375 0.0875 0.0109375
4 0.478125 0.21875 0.03125 0.0125
14 0.2375 0.2359375 0.0484375 0.0140625
8 0.29453125 0.2515625 0.0484375 0.01484375
19 0.08125 0.27265625 0.078125 0.01484375
6 0.33046875 0.26796875 0.02734375 0.01328125
19 0.321875 0.28671875 0.078125 0.0140625
0 0.56640625 0.284375 0.0171875 0.01328125
4 0.3078125 0.30390625 0.03125 0.01328125
19 0.35859375 0.3203125 0.0796875 0.015625
13 0.065625 0.32109375 0.0453125 0.0125
7 0.06484375 0.33828125 0.0484375 0.0140625
19 0.43828125 0.3359375 0.075 0.01484375
6 0.05546875 0.35390625 0.02890625 0.01171875
19 0.0765625 0.37109375 0.07734375 0.0140625
17 0.21171875 0.465625 0.05546875 0.0140625
18 0.41015625 0.53203125 0.05546875 0.01484375
4 0.3078125 0.5484375 0.0296875 0.01171875
4 0.47890625 0.56328125 0.02734375 0.01328125
9 0.05078125 0.2203125 0.015625 0.01328125
2 0.7421875 0.10859375 0.05625 0.015625
16 0.58359375 0.58046875 0.05703125 0.01328125
12 0.31640625 0.12421875 0.04296875 0.01328125
19 0.5890625 0.23515625 0.08203125 0.01171875