3 0.0953125 0.01640625 0.034375 0.0140625
5 0.2234375 0.01875 0.0140625 0.0125
12 0.03984375 0.03515625 0.046875 0.0125
4 0.09921875 0.1375 0.03125 0.0109375
19 0.0296875 0.15546875 0.059375 0.0140625
8 0.2296875 0.159375 0.05 0.0171875
6 0.12109375 0.17734375 0.0234375 0.0125
0 0.03671875 0.19609375 0.0203125 0.015625
13 0.090625 0.2171875 0.0453125 0.0140625
19 0.2984375 0.22265625 0.075 0.015625
19 0.171875 0.240625 0.075 0.0140625
19 0.0984375 0.2609375 0.0765625 0.0171875
17 0.2125 0.38359375 0.0546875 0.015625
17 0.30546875 0.40390625 0.0546875 0.015625
18 0.303125 0.46484375 0.0578125 0.0171875
4 0.034375 0.48125 0.03125 0.0125
4 0.03359375 0.50234375 0.0328125 0.0109375
16 0.14296875 0.52421875 0.059375 0.0140625
2 0.43359375 0.02890625 0.0703125 0.0234375
4 0.77890625 0.26640625 0.034375 0.0140625
4 0.7765625 0.28671875 0.0359375 0.015625
19 0.93515625 0.0140625 0.0828125 0.0140625
19 0.85546875 0.03359375 0.0875 0.0171875
6 0.51484375 0.02890625 0.0328125 0.01875
7 0.684375 0.01015625 0.0578125 0.01875
17 0.978125 0.16171875 0.04375 0.0140625
16 0.903125 0.30859375 0.075 0.021875
17 0.38671875 0.7734375 0.0578125 0.01875
17 0.06796875 0.815625 0.0625 0.0171875
18 0.1734375 0.87890625 0.0640625 0.015625
4 0.2046875 0.9 0.0359375 0.0171875
4 0.203125 0.9203125 0.0375 0.0140625
16 0.340625 0.94140625 0.0734375 0.015625
16 0.88515625 0.71484375 0.0578125 0.0109375