2 0.74765625 0.08046875 0.09453125 0.02734375
11 0.15 0.071875 0.1515625 0.015625
3 0.35546875 0.07109375 0.0375 0.0171875
5 0.49765625 0.06953125 0.02734375 0.0140625
15 0.0375 0.0953125 0.02734375 0.0171875
10 0.12421875 0.09375 0.0734375 0.0140625
12 0.28828125 0.09296875 0.05 0.01875
5 0.02109375 0.115625 0.01953125 0.0125
1 0.0640625 0.13671875 0.09375 0.0140625
9 0.021875 0.20078125 0.01875 0.015625
4 0.36015625 0.19921875 0.03828125 0.0140625
4 0.0484375 0.28515625 0.03671875 0.01328125
4 0.29453125 0.5609375 0.03515625 0.01484375
4 0.29453125 0.58125 0.03515625 0.01484375
14 0.03671875 0.22265625 0.053125 0.015625
19 0.2703125 0.2203125 0.0890625 0.01484375
19 0.16015625 0.24296875 0.09375 0.01328125
19 0.053125 0.2640625 0.0828125 0.0171875
19 0.590625 0.28125 0.09140625 0.01640625
19 0.44609375 0.3046875 0.090625 0.0171875
19 0.3609375 0.325 0.0890625 0.01640625
8 0.5125 0.21796875 0.05859375 0.0171875
6 0.3890625 0.240625 0.03046875 0.01484375
6 0.02578125 0.32734375 0.03125 0.01640625
0 0.29140625 0.2609375 0.02109375 0.01953125
13 0.3515625 0.28203125 0.05546875 0.015625
7 0.19453125 0.30390625 0.059375 0.0171875
17 0.49765625 0.453125 0.065625 0.01640625
17 0.6046875 0.47265625 0.0640625 0.01796875
18 0.59921875 0.53671875 0.059375 0.01796875
16 0.4203125 0.6015625 0.06953125 0.01796875