2 0.15625 0.07578125 0.09765625 0.03046875
11 0.48984375 0.0703125 0.15078125 0.01953125
3 0.690625 0.06875 0.03359375 0.01796875
5 0.83359375 0.06796875 0.021875 0.01640625
5 0.359375 0.1109375 0.0171875 0.01640625
15 0.3765625 0.090625 0.02578125 0.01640625
12 0.62890625 0.09140625 0.0515625 0.01796875
10 0.46484375 0.0921875 0.07421875 0.0171875
1 0.40546875 0.1328125 0.09453125 0.02109375
9 0.35546875 0.19375 0.02421875 0.01796875
4 0.69375 0.19453125 0.03203125 0.01640625
14 0.371875 0.215625 0.05625 0.0171875
19 0.60859375 0.215625 0.08828125 0.0171875
19 0.49609375 0.23671875 0.090625 0.01953125
19 0.38828125 0.2578125 0.08671875 0.01796875
19 0.9234375 0.28046875 0.08984375 0.0171875
19 0.77734375 0.3015625 0.090625 0.0171875
19 0.69609375 0.321875 0.08671875 0.015625
8 0.84609375 0.2140625 0.06015625 0.0171875
6 0.7234375 0.2359375 0.03125 0.01640625
0 0.62578125 0.25703125 0.01875 0.0171875
4 0.38125 0.27890625 0.03515625 0.0140625
4 0.62109375 0.553125 0.0375 0.0171875
4 0.61953125 0.5734375 0.03671875 0.0140625
13 0.68671875 0.278125 0.0609375 0.01484375
7 0.52421875 0.29921875 0.05625 0.0171875
17 0.82578125 0.44921875 0.06640625 0.0203125
17 0.93515625 0.471875 0.065625 0.01796875
18 0.93125 0.53359375 0.0640625 0.0171875
6 0.35625 0.31796875 0.03359375 0.015625
16 0.74765625 0.596875 0.071875 0.0171875