4 0.21953125 0.05625 0.0359375 0.0171875
19 0.13125 0.07265625 0.0875 0.021875
8 0.3671875 0.08515625 0.05625 0.01875
19 0.03125 0.08671875 0.0625 0.0234375
6 0.24296875 0.1 0.028125 0.0203125
0 0.14609375 0.11484375 0.0203125 0.015625
13 0.20625 0.13984375 0.0546875 0.01875
19 0.4328125 0.15703125 0.071875 0.0234375
7 0.04296875 0.15078125 0.059375 0.0203125
19 0.29375 0.1671875 0.0875 0.0234375
19 0.21171875 0.18515625 0.090625 0.0203125
17 0.33515625 0.321875 0.065625 0.021875
17 0.4375 0.34921875 0.0625 0.0234375
18 0.43359375 0.41328125 0.0671875 0.021875
4 0.12421875 0.4140625 0.0359375 0.01875
4 0.12109375 0.43515625 0.0375 0.0203125
16 0.24609375 0.46484375 0.078125 0.0265625
11 0.6484375 0.0296875 0.1515625 0.028125
3 0.84765625 0.0421875 0.0375 0.021875
5 0.98984375 0.05078125 0.0203125 0.0203125
5 0.51875 0.0625 0.0265625 0.01875
15 0.53515625 0.04375 0.0296875 0.0203125
12 0.784375 0.05859375 0.05 0.0203125
10 0.62421875 0.04921875 0.0703125 0.0203125
1 0.56171875 0.0875 0.09375 0.0265625
9 0.50859375 0.14765625 0.01875 0.0171875
4 0.84453125 0.16953125 0.0375 0.01875
4 0.5265625 0.23515625 0.034375 0.0203125
14 0.52421875 0.1703125 0.0578125 0.0203125
19 0.7578125 0.18515625 0.090625 0.021875
19 0.646875 0.2 0.090625 0.025
19 0.5359375 0.2125 0.0921875 0.021875
8 0.98125 0.20078125 0.0375 0.0234375
6 0.86796875 0.2140625 0.034375 0.0203125
6 0.503125 0.27578125 0.0375 0.0203125
0 0.76875 0.22890625 0.021875 0.01875
13 0.83046875 0.25546875 0.0578125 0.0203125
19 0.91875 0.284375 0.0890625 0.025
19 0.83515625 0.29921875 0.090625 0.025
7 0.66875 0.26640625 0.059375 0.0234375
17 0.9578125 0.4390625 0.0671875 0.0234375
4 0.1109375 0.63046875 0.0359375 0.0171875
4 0.109375 0.65078125 0.0359375 0.0171875
17 0.32109375 0.5375 0.0671875 0.0203125
17 0.4265625 0.5640625 0.065625 0.021875
18 0.41640625 0.628125 0.0609375 0.021875
16 0.23359375 0.68046875 0.0703125 0.0234375
4 0.525 0.55625 0.0328125 0.0171875
8 0.64921875 0.58359375 0.053125 0.0203125
6 0.52265625 0.59453125 0.028125 0.0171875
13 0.515625 0.63359375 0.053125 0.01875
19 0.72265625 0.646875 0.08125 0.021875
19 0.584375 0.65703125 0.078125 0.0203125
19 0.5125 0.6703125 0.0796875 0.0203125
17 0.61953125 0.79375 0.0578125 0.01875
17 0.71953125 0.81953125 0.05625 0.01875
18 0.71171875 0.878125 0.0640625 0.0203125
16 0.52421875 0.92109375 0.0625 0.0171875