2 0.11796875 0.09609375 0.0703125 0.0234375
11 0.4453125 0.078125 0.1515625 0.01875
5 0.32578125 0.1265625 0.0203125 0.0140625
15 0.34296875 0.10703125 0.0296875 0.015625
10 0.43515625 0.103125 0.0734375 0.0171875
12 0.571875 0.0953125 0.015625 0.01875
1 0.37109375 0.14765625 0.09375 0.0203125
9 0.33046875 0.21640625 0.021875 0.01875
14 0.3484375 0.23671875 0.053125 0.015625
19 0.5515625 0.22578125 0.05625 0.0171875
19 0.46796875 0.25078125 0.0890625 0.0171875
19 0.365625 0.28125 0.08125 0.021875
6 0.34140625 0.34609375 0.028125 0.0125
4 0.3578125 0.30078125 0.03125 0.0140625
7 0.4953125 0.31796875 0.05 0.01875
4 0.9578125 0.04453125 0.0328125 0.015625
19 0.88046875 0.06953125 0.0796875 0.0171875
19 0.6734375 0.1140625 0.084375 0.0203125
19 0.96484375 0.1640625 0.0703125 0.015625
4 0.921875 0.38125 0.0328125 0.0171875
4 0.921875 0.4 0.03125 0.01875
1 0.69296875 0.00390625 0.0921875 0.0078125
14 0.659375 0.0765625 0.05625 0.0171875
19 0.76796875 0.0921875 0.071875 0.01875
4 0.6671875 0.1375 0.0296875 0.015625
13 0.9625 0.125 0.05625 0.0171875
6 0.6484375 0.17421875 0.0328125 0.01875
6 0.965625 0.084375 0.0296875 0.0171875
9 0.64296875 0.0578125 0.0234375 0.01875
7 0.8125 0.15078125 0.0515625 0.0140625
0 0.89921875 0.10703125 0.0203125 0.0171875
2 0.43046875 0.42421875 0.078125 0.0234375
3 0.06328125 0.43359375 0.0296875 0.0140625
5 0.20625 0.428125 0.01875 0.0125
12 0.028125 0.45390625 0.0484375 0.015625
4 0.0875 0.54765625 0.0328125 0.0140625
19 0.02265625 0.5703125 0.0453125 0.01875
0 0.02421875 0.60859375 0.01875 0.015625
6 0.08984375 0.5859375 0.025 0.0140625
8 0.2125 0.5625 0.046875 0.0171875
13 0.0875 0.625 0.05 0.015625
19 0.159375 0.640625 0.078125 0.01875
19 0.09140625 0.66328125 0.078125 0.01875
19 0.29609375 0.6171875 0.08125 0.01875
17 0.21015625 0.77421875 0.0546875 0.01875
17 0.3125 0.78828125 0.059375 0.01875
18 0.31171875 0.84609375 0.0609375 0.01875
4 0.04375 0.87265625 0.034375 0.0171875
4 0.04375 0.89296875 0.03125 0.01875
16 0.13046875 0.91015625 0.059375 0.01875
19 0.5984375 0.58125 0.0375 0.015625
17 0.6015625 0.76171875 0.04375 0.0140625
18 0.59921875 0.82265625 0.0390625 0.0140625