19 0.25859375 0.0140625 0.090625 0.028125
7 0.08671875 0.00703125 0.0609375 0.0140625
17 0.4 0.12890625 0.0671875 0.0234375
17 0.50859375 0.140625 0.065625 0.0234375
18 0.5078125 0.2046875 0.0625 0.0265625
4 0.2078125 0.2546875 0.0390625 0.021875
4 0.2078125 0.27421875 0.0421875 0.0203125
16 0.33671875 0.2859375 0.06875 0.0234375
3 0.771875 0.05390625 0.03125 0.0140625
5 0.89921875 0.0421875 0.01875 0.015625
12 0.71875 0.075 0.040625 0.015625
4 0.8875 0.1546875 0.028125 0.0140625
8 0.7140625 0.203125 0.05 0.01875
6 0.74921875 0.2171875 0.025 0.0125
19 0.74453125 0.234375 0.0765625 0.01875
0 0.9765625 0.21484375 0.015625 0.0140625
4 0.7421875 0.2515625 0.0296875 0.0140625
19 0.78203125 0.2640625 0.0765625 0.0203125
19 0.85625 0.275 0.0703125 0.0171875
17 0.8359375 0.421875 0.053125 0.0171875
18 0.821875 0.471875 0.0484375 0.015625
4 0.753125 0.49453125 0.025 0.0125
4 0.91640625 0.49765625 0.03125 0.0140625
16 0.99296875 0.5078125 0.0140625 0.01875
19 0.9796875 0.1625 0.040625 0.01875
11 0.31328125 0.7015625 0.1265625 0.025
3 0.48046875 0.6875 0.028125 0.015625
5 0.60234375 0.67734375 0.0140625 0.0140625
15 0.22265625 0.73046875 0.0203125 0.0125
10 0.296875 0.7265625 0.05625 0.0171875
12 0.43125 0.71328125 0.0421875 0.0171875
5 0.21171875 0.7515625 0.01875 0.0109375
1 0.246875 0.76875 0.078125 0.0203125
9 0.215625 0.82890625 0.01875 0.0140625
4 0.4953125 0.80625 0.0296875 0.0140625
14 0.2296875 0.8484375 0.046875 0.0140625
19 0.42578125 0.83203125 0.075 0.01875
8 0.6171875 0.81640625 0.034375 0.015625
19 0.33359375 0.86015625 0.071875 0.0203125
6 0.5203125 0.84296875 0.025 0.015625
19 0.2453125 0.8859375 0.0734375 0.0203125
0 0.44453125 0.8703125 0.0171875 0.015625
4 0.2421875 0.9078125 0.03125 0.015625
13 0.4953125 0.8859375 0.0453125 0.01875
19 0.67265625 0.8703125 0.0328125 0.01875
7 0.3640625 0.9171875 0.04375 0.01875
19 0.57265625 0.9 0.071875 0.021875
6 0.225 0.94765625 0.028125 0.0171875
19 0.50546875 0.925 0.0734375 0.0203125
2 0.03984375 0.7328125 0.0796875 0.028125
0 0.69765625 0.66171875 0.0171875 0.0140625
16 0.74375 0.95859375 0.0578125 0.021875