4 0.2421875 0.096875 0.0390625 0.0140625
19 0.15703125 0.11953125 0.0859375 0.0171875
8 0.390625 0.1140625 0.0546875 0.0171875
19 0.04921875 0.1453125 0.08125 0.01875
6 0.26953125 0.1375 0.034375 0.0171875
0 0.17890625 0.1625 0.0234375 0.015625
13 0.2375 0.18125 0.05625 0.01875
10 0.02265625 0.0046875 0.0453125 0.009375
19 0.4703125 0.17578125 0.0890625 0.021875
19 0.32578125 0.20234375 0.0875 0.0234375
19 0.24609375 0.22578125 0.0859375 0.021875
7 0.07890625 0.20859375 0.0546875 0.0203125
17 0.3796875 0.3484375 0.0640625 0.0203125
17 0.4875 0.365625 0.0609375 0.0203125
18 0.484375 0.43046875 0.0625 0.021875
4 0.18125 0.46015625 0.034375 0.01875
4 0.18359375 0.4796875 0.0390625 0.01875
5 0.65703125 0.0109375 0.0140625 0.015625
1 0.6984375 0.03046875 0.096875 0.021875
9 0.65546875 0.096875 0.0109375 0.015625
4 0.99140625 0.084375 0.0171875 0.01875
4 0.68125 0.1796875 0.0390625 0.01875
4 0.9359375 0.45078125 0.0375 0.01875
4 0.93671875 0.47421875 0.0390625 0.01875
14 0.67421875 0.11796875 0.0484375 0.0171875
19 0.90859375 0.10859375 0.0890625 0.01875
19 0.79765625 0.13359375 0.090625 0.0203125
19 0.68984375 0.1578125 0.0796875 0.021875
19 0.97890625 0.21328125 0.0421875 0.0203125
6 0.66171875 0.2234375 0.0234375 0.01875
0 0.93203125 0.1515625 0.0234375 0.01875
13 0.98203125 0.16953125 0.0359375 0.0171875
7 0.8296875 0.1984375 0.0546875 0.021875
19 0.2375 0.5125 0.084375 0.01875
19 0.0953125 0.540625 0.0875 0.01875
19 0.02734375 0.5625 0.0546875 0.01875
13 0.01640625 0.51953125 0.0328125 0.0234375
17 0.14921875 0.68828125 0.059375 0.0203125
17 0.253125 0.70078125 0.0640625 0.01875
16 0.078125 0.83828125 0.06875 0.015625
18 0.25390625 0.76796875 0.065625 0.0203125
6 0.70859375 0.490625 0.0265625 0.003125
13 0.70390625 0.5234375 0.0484375 0.015625
19 0.9125 0.51484375 0.0765625 0.015625
19 0.7765625 0.53984375 0.0765625 0.015625
19 0.70859375 0.5609375 0.0765625 0.015625
17 0.82890625 0.67109375 0.0546875 0.015625
17 0.9296875 0.6859375 0.05625 0.015625
18 0.93046875 0.74296875 0.0609375 0.0171875
4 0.6640625 0.77109375 0.028125 0.0140625
4 0.66328125 0.7921875 0.0265625 0.015625
16 0.7484375 0.80859375 0.0578125 0.0171875