2 0.15234375 0.08828125 0.0703125 0.0203125
11 0.48046875 0.08203125 0.15078125 0.01328125
3 0.67109375 0.08046875 0.0359375 0.01484375
5 0.8125 0.07890625 0.02109375 0.015625
5 0.359375 0.12578125 0.01953125 0.0140625
15 0.3765625 0.10703125 0.02890625 0.01484375
10 0.46953125 0.10625 0.0734375 0.01484375
12 0.62578125 0.1046875 0.053125 0.01640625
1 0.40390625 0.1484375 0.09296875 0.01640625
9 0.3609375 0.21640625 0.021875 0.01875
4 0.70703125 0.209375 0.034375 0.01640625
14 0.378125 0.23671875 0.053125 0.0140625
19 0.5953125 0.234375 0.0828125 0.0140625
19 0.496875 0.25546875 0.0890625 0.01484375
19 0.39375 0.28203125 0.08125 0.01875
19 0.9046875 0.29375 0.08203125 0.01484375
19 0.77734375 0.31953125 0.08359375 0.01640625
19 0.690625 0.3421875 0.08359375 0.01484375
8 0.8171875 0.23203125 0.05078125 0.01640625
6 0.70625 0.25234375 0.0265625 0.01328125
6 0.3671875 0.34609375 0.02734375 0.01171875
0 0.62421875 0.2765625 0.0140625 0.01328125
4 0.38515625 0.3015625 0.03046875 0.01328125
13 0.7046875 0.29765625 0.04609375 0.01640625
7 0.521875 0.3234375 0.05 0.01640625
17 0.80078125 0.47578125 0.0578125 0.0171875
17 0.4828125 0.5234375 0.06171875 0.01640625
18 0.5890625 0.58515625 0.0640625 0.01484375
4 0.6203125 0.60546875 0.0359375 0.01640625
4 0.61953125 0.62578125 0.03671875 0.01328125
16 0.75703125 0.64453125 0.07265625 0.01484375