4 0.08359375 0.2890625 0.040625 0.021875
4 0.08203125 0.309375 0.0359375 0.01875
19 0.41640625 0.04140625 0.0921875 0.028125
19 0.26484375 0.05078125 0.0875 0.01875
19 0.178125 0.0640625 0.0875 0.0234375
13 0.1703125 0.01953125 0.059375 0.0203125
7 0.01796875 0.0265625 0.0359375 0.021875
17 0.3015625 0.2 0.06875 0.021875
17 0.40859375 0.23203125 0.06875 0.0203125
18 0.40234375 0.29375 0.06875 0.0203125
16 0.2109375 0.34296875 0.0703125 0.0203125
17 0.96953125 0.03203125 0.0609375 0.0203125
2 0.2015625 0.49609375 0.1046875 0.0421875
5 0.3890625 0.5484375 0.025 0.0203125
19 0.60234375 0.66484375 0.0546875 0.0203125
19 0.4046875 0.68515625 0.084375 0.025
4 0.615625 0.9796875 0.028125 0.01875
4 0.61484375 0.99453125 0.0296875 0.0109375
11 0.5171875 0.5203125 0.140625 0.03125
15 0.40703125 0.53046875 0.0296875 0.0171875
1 0.43828125 0.57265625 0.0921875 0.025
14 0.39453125 0.6453125 0.0578125 0.0203125
19 0.5015625 0.67421875 0.071875 0.021875
4 0.3953125 0.7078125 0.0296875 0.0171875
6 0.37265625 0.74140625 0.034375 0.0203125
10 0.49375 0.5375 0.071875 0.021875
9 0.38125 0.62578125 0.0234375 0.0203125
7 0.53828125 0.73828125 0.053125 0.015625
0 0.62421875 0.7046875 0.0109375 0.01875
6 0.9703125 0.46796875 0.034375 0.0171875