19 0.23671875 0.01484375 0.0828125 0.021875
7 0.06953125 0.00703125 0.0578125 0.0140625
17 0.375 0.1359375 0.0609375 0.0234375
4 0.18515625 0.25234375 0.0359375 0.0171875
4 0.18671875 0.27421875 0.0390625 0.0171875
16 0.309375 0.28828125 0.06875 0.01875
19 0.453125 0.0078125 0.028125 0.015625
19 0.72890625 0.03984375 0.0796875 0.0203125
19 0.58984375 0.07265625 0.0875 0.0203125
17 0.64921875 0.2109375 0.05625 0.025
17 0.75859375 0.2234375 0.05625 0.01875
4 0.48203125 0.32421875 0.0328125 0.01875
4 0.484375 0.34453125 0.034375 0.0171875
16 0.571875 0.3578125 0.059375 0.025
13 0.51328125 0.06015625 0.053125 0.021875
19 0.51796875 0.09921875 0.084375 0.021875
18 0.759375 0.2859375 0.0546875 0.0203125
0 0.44765625 0.04375 0.0171875 0.021875
17 0.2796875 0.70390625 0.0515625 0.01875
17 0.37578125 0.7171875 0.05625 0.0171875
18 0.37734375 0.778125 0.0578125 0.0203125
4 0.11171875 0.81796875 0.0328125 0.0140625
16 0.2234375 0.85078125 0.059375 0.0234375
3 0.50078125 0.653125 0.03125 0.015625
5 0.634375 0.64453125 0.0171875 0.0140625
12 0.4515625 0.67421875 0.025 0.0171875
4 0.60859375 0.759375 0.03125 0.0140625
8 0.4453125 0.8046875 0.0125 0.01875
6 0.4625 0.81796875 0.0265625 0.0125
19 0.46640625 0.8359375 0.0546875 0.01875
0 0.7015625 0.82109375 0.0171875 0.0140625
4 0.44765625 0.85390625 0.0171875 0.0140625
19 0.49296875 0.86875 0.0796875 0.0171875
19 0.5734375 0.88125 0.078125 0.0171875
2 0.87109375 0.63515625 0.0578125 0.021875
19 0.72265625 0.771875 0.0828125 0.0234375