2 0.15546875 0.071875 0.09140625 0.0265625
11 0.48984375 0.0640625 0.15 0.0171875
3 0.69296875 0.06328125 0.03515625 0.01484375
5 0.8390625 0.0625 0.01953125 0.015625
5 0.359375 0.10703125 0.0203125 0.0140625
15 0.37734375 0.08671875 0.03125 0.0140625
12 0.62890625 0.0859375 0.05234375 0.01796875
1 0.40546875 0.1265625 0.09375 0.0203125
9 0.35859375 0.190625 0.0203125 0.01484375
4 0.6984375 0.1890625 0.0390625 0.015625
4 0.38203125 0.2734375 0.0375 0.01640625
14 0.37265625 0.2125 0.0546875 0.015625
19 0.61015625 0.21171875 0.0890625 0.0171875
19 0.496875 0.23359375 0.090625 0.0203125
19 0.38828125 0.253125 0.08984375 0.01796875
19 0.928125 0.27578125 0.08203125 0.015625
19 0.78203125 0.2953125 0.0859375 0.01875
19 0.69765625 0.31796875 0.08671875 0.01953125
8 0.85 0.21015625 0.05703125 0.0171875
6 0.72421875 0.23046875 0.03203125 0.015625
6 0.35703125 0.31484375 0.03203125 0.01796875
0 0.628125 0.25234375 0.0234375 0.01875
13 0.6890625 0.27421875 0.05625 0.01640625
7 0.52578125 0.29453125 0.0546875 0.0203125
17 0.834375 0.4453125 0.07265625 0.01796875
17 0.93828125 0.46953125 0.0640625 0.01640625
18 0.93671875 0.53203125 0.06328125 0.015625
4 0.62578125 0.553125 0.03828125 0.01953125
4 0.62421875 0.5734375 0.0375 0.0171875
10 0.46328125 0.08671875 0.07578125 0.01640625
16 0.7515625 0.59765625 0.06953125 0.01875