19 0.5453125 0.01640625 0.06875 0.0171875
4 0.4765625 0.24765625 0.0375 0.0171875
4 0.47421875 0.26796875 0.0375 0.0140625
6 0.215625 0.0078125 0.034375 0.015625
19 0.93984375 0.00859375 0.0890625 0.0171875
6 0.60703125 0.003125 0.0296875 0.00625
4 0.86484375 0.23984375 0.0375 0.01875
4 0.8625 0.259375 0.040625 0.0171875
16 0.97734375 0.284375 0.0453125 0.01875
9 0.02421875 0.48046875 0.015625 0.015625
4 0.3140625 0.48125 0.028125 0.0140625
14 0.03671875 0.5 0.0453125 0.015625
19 0.23671875 0.5 0.075 0.015625
8 0.44453125 0.50234375 0.046875 0.0171875
19 0.140625 0.51953125 0.0765625 0.0140625
6 0.33828125 0.5203125 0.028125 0.0140625
19 0.05 0.53984375 0.0703125 0.0140625
0 0.2546875 0.53984375 0.0140625 0.015625
4 0.04609375 0.5609375 0.03125 0.0140625
13 0.30703125 0.56171875 0.04375 0.0140625
19 0.51328125 0.56328125 0.078125 0.0125
7 0.1671875 0.5796875 0.0453125 0.0171875
19 0.3859375 0.58125 0.0734375 0.0140625
6 0.0265625 0.6 0.021875 0.0109375
19 0.31328125 0.60078125 0.0734375 0.0140625
17 0.42890625 0.7234375 0.0515625 0.0140625
17 0.521875 0.74453125 0.053125 0.0140625
18 0.51953125 0.8046875 0.059375 0.015625
4 0.25390625 0.8234375 0.03125 0.0140625
4 0.2546875 0.84296875 0.0296875 0.0140625
16 0.3640625 0.8640625 0.05625 0.0140625
4 0.81796875 0.63046875 0.034375 0.0140625
4 0.815625 0.65078125 0.0359375 0.015625
16 0.9421875 0.67265625 0.075 0.021875