11 0.16171875 0.0703125 0.15078125 0.01875
3 0.36328125 0.0703125 0.03203125 0.01640625
5 0.5046875 0.0703125 0.0203125 0.01953125
15 0.053125 0.09296875 0.025 0.0140625
12 0.30078125 0.0921875 0.05234375 0.01640625
5 0.0328125 0.1140625 0.028125 0.01875
1 0.0796875 0.134375 0.090625 0.01796875
9 0.03671875 0.1984375 0.02109375 0.0125
4 0.36640625 0.1984375 0.03828125 0.0125
14 0.05078125 0.21953125 0.05625 0.0125
19 0.28046875 0.21796875 0.08515625 0.01484375
8 0.51484375 0.2203125 0.0546875 0.01484375
19 0.171875 0.23984375 0.08046875 0.015625
6 0.39296875 0.23984375 0.034375 0.01640625
0 0.30078125 0.26171875 0.02265625 0.015625
13 0.359375 0.2828125 0.05625 0.01640625
2 0.75 0.08203125 0.090625 0.028125
10 0.1375 0.0921875 0.07265625 0.01796875
19 0.06640625 0.2625 0.08671875 0.01875
19 0.5921875 0.28515625 0.0890625 0.01953125
19 0.446875 0.30625 0.08671875 0.0203125
19 0.36640625 0.32734375 0.0859375 0.01875
4 0.0578125 0.284375 0.034375 0.01953125
7 0.2 0.30390625 0.0546875 0.01796875
17 0.4953125 0.4546875 0.0640625 0.01796875
17 0.60234375 0.47578125 0.06015625 0.01796875
18 0.596875 0.53984375 0.0625 0.01953125
4 0.29296875 0.559375 0.034375 0.01796875
4 0.2953125 0.58125 0.03828125 0.0203125
6 0.0375 0.328125 0.0296875 0.0171875
16 0.41875 0.603125 0.071875 0.01875