4 0.33828125 0.00625 0.0359375 0.0125
13 0.64453125 0.0078125 0.0484375 0.015625
7 0.48359375 0.028125 0.0578125 0.0171875
6 0.315625 0.046875 0.03125 0.0125
19 0.6390625 0.053125 0.059375 0.015625
4 0.5796875 0.28671875 0.0359375 0.0171875
4 0.57734375 0.3078125 0.0375 0.01875
4 0.92734375 0.090625 0.0359375 0.015625
19 0.83671875 0.109375 0.09375 0.0203125
19 0.72421875 0.12890625 0.0890625 0.01875
19 0.98125 0.2 0.0375 0.01875
19 0.92421875 0.2203125 0.0890625 0.021875
6 0.9515625 0.134375 0.03125 0.0171875
0 0.8546875 0.15234375 0.0234375 0.0171875
13 0.9140625 0.1765625 0.0609375 0.0171875
7 0.75546875 0.19140625 0.0609375 0.01875
4 0.84921875 0.45390625 0.0375 0.01875
4 0.846875 0.4734375 0.040625 0.0171875
16 0.96953125 0.4984375 0.0609375 0.01875
2 0.0828125 0.534375 0.0515625 0.015625
11 0.403125 0.53671875 0.128125 0.015625
3 0.5765625 0.540625 0.0296875 0.0125
15 0.28671875 0.55234375 0.021875 0.0109375
10 0.36640625 0.553125 0.0578125 0.0140625
12 0.5203125 0.55625 0.040625 0.0125
5 0.26953125 0.56796875 0.015625 0.0125
1 0.3328125 0.5859375 0.0828125 0.0140625
14 0.45078125 0.665625 0.05 0.0125
8 0.50234375 0.68359375 0.05 0.015625
6 0.5359375 0.70078125 0.025 0.0109375
19 0.29765625 0.69765625 0.0734375 0.015625
19 0.53046875 0.7171875 0.075 0.0140625
4 0.52578125 0.734375 0.028125 0.0109375
13 0.28203125 0.74375 0.0453125 0.0125
19 0.5640625 0.75078125 0.075 0.015625
7 0.28046875 0.7609375 0.0453125 0.0140625
19 0.63515625 0.76875 0.0671875 0.0125
6 0.27109375 0.77734375 0.025 0.0125
19 0.29375 0.79609375 0.071875 0.0140625
16 0.43671875 0.81640625 0.0625 0.015625
17 0.41953125 0.89140625 0.053125 0.0125
17 0.60078125 0.9140625 0.053125 0.0140625
18 0.58203125 0.96171875 0.0484375 0.0125
4 0.5109375 0.97734375 0.025 0.0109375
4 0.66328125 0.9953125 0.0109375 0.009375
9 0.26640625 0.646875 0.01875 0.0125
17 0.68125 0.65390625 0.025 0.0171875
18 0.68046875 0.71328125 0.0234375 0.0171875