2 0.1765625 0.06875 0.09296875 0.028125
11 0.50703125 0.0625 0.15078125 0.01796875
3 0.70625 0.0609375 0.03671875 0.01875
5 0.8515625 0.06015625 0.02421875 0.01875
5 0.3796875 0.1046875 0.02578125 0.01640625
15 0.3953125 0.084375 0.02890625 0.01796875
12 0.64453125 0.08203125 0.0484375 0.01640625
10 0.484375 0.08359375 0.06875 0.015625
1 0.42421875 0.1265625 0.09296875 0.0203125
9 0.37578125 0.18984375 0.01796875 0.015625
4 0.7125 0.18828125 0.0359375 0.015625
4 0.4 0.27578125 0.03359375 0.01796875
14 0.39296875 0.21171875 0.05625 0.0171875
19 0.62734375 0.21015625 0.08984375 0.01640625
19 0.5171875 0.2328125 0.08984375 0.01953125
19 0.4078125 0.25234375 0.09140625 0.01484375
8 0.86171875 0.209375 0.0578125 0.01875
6 0.7390625 0.23125 0.0328125 0.01796875
6 0.37890625 0.31796875 0.0359375 0.0171875
0 0.640625 0.253125 0.02109375 0.0171875
13 0.7046875 0.275 0.05703125 0.01640625
19 0.93984375 0.278125 0.08359375 0.01953125
19 0.79453125 0.29765625 0.0875 0.01875
19 0.71171875 0.31875 0.08984375 0.01875
7 0.54375 0.296875 0.0578125 0.01953125
17 0.84453125 0.44921875 0.06640625 0.01875
18 0.95 0.53671875 0.065625 0.01640625
4 0.640625 0.55703125 0.0375 0.01640625
4 0.6390625 0.57734375 0.0359375 0.01484375
16 0.765625 0.60234375 0.06953125 0.01640625