9 0.196875 0.00546875 0.021875 0.0109375
4 0.534375 0.0140625 0.034375 0.0171875
4 0.22109375 0.08828125 0.0375 0.015625
4 0.4515625 0.37578125 0.0359375 0.015625
4 0.44921875 0.396875 0.0359375 0.015625
14 0.2140625 0.0234375 0.05625 0.021875
19 0.446875 0.0328125 0.0859375 0.021875
19 0.33671875 0.05078125 0.0859375 0.0203125
19 0.2265625 0.06640625 0.0875 0.01875
19 0.6125 0.12265625 0.0859375 0.01875
19 0.53203125 0.1421875 0.0875 0.0203125
8 0.6671875 0.0375 0.025 0.021875
6 0.5609375 0.0578125 0.03125 0.015625
6 0.19609375 0.1296875 0.034375 0.01875
0 0.46328125 0.07578125 0.025 0.0203125
13 0.5234375 0.09921875 0.0578125 0.01875
7 0.36328125 0.11484375 0.059375 0.01875
17 0.65234375 0.27578125 0.0546875 0.0203125
16 0.57265625 0.4234375 0.071875 0.0234375
19 0.9109375 0.02734375 0.0765625 0.0140625
19 0.7828125 0.04453125 0.078125 0.0140625
19 0.71328125 0.06171875 0.0671875 0.0203125
13 0.70234375 0.02109375 0.0453125 0.0140625
17 0.82109375 0.18828125 0.0546875 0.015625
17 0.91640625 0.21171875 0.053125 0.01875
18 0.9125 0.27109375 0.059375 0.0171875
16 0.75078125 0.3265625 0.0609375 0.0203125
4 0.65078125 0.6265625 0.0265625 0.0140625
4 0.65 0.6453125 0.028125 0.0109375
4 0.88203125 0.54375 0.0296875 0.0140625
19 0.8046875 0.5609375 0.0734375 0.015625
19 0.71328125 0.578125 0.0671875 0.015625
19 0.9484375 0.64609375 0.071875 0.0171875
19 0.8765625 0.66328125 0.0734375 0.0171875
6 0.903125 0.5828125 0.0265625 0.015625
0 0.82109375 0.6 0.01875 0.0125
13 0.87109375 0.621875 0.05 0.01875
7 0.734375 0.63828125 0.05 0.01875
17 0.97890625 0.7859375 0.0421875 0.015625
4 0.81015625 0.88359375 0.0359375 0.0140625
4 0.8078125 0.90078125 0.028125 0.015625
16 0.915625 0.92734375 0.059375 0.0203125
8 0.99375 0.56640625 0.0125 0.0203125