15 0.13984375 0.00703125 0.0265625 0.0140625
10 0.234375 0.00390625 0.071875 0.0078125
5 0.12734375 0.0265625 0.0203125 0.015625
1 0.17265625 0.04375 0.09375 0.0234375
4 0.48359375 0.08671875 0.0359375 0.01875
14 0.14921875 0.134375 0.0546875 0.01875
9 0.1328125 0.11328125 0.0203125 0.015625
19 0.36953125 0.11953125 0.084375 0.0203125
19 0.26953125 0.14609375 0.0875 0.0203125
19 0.16484375 0.17578125 0.0796875 0.0203125
19 0.53203125 0.19140625 0.0359375 0.0203125
19 0.471875 0.22109375 0.0890625 0.0203125
6 0.4828125 0.13046875 0.028125 0.0140625
0 0.4015625 0.1578125 0.0171875 0.0171875
4 0.1578125 0.19765625 0.03125 0.0171875
13 0.4828125 0.17421875 0.0484375 0.0203125
7 0.29765625 0.2078125 0.053125 0.021875
6 0.14140625 0.24296875 0.03125 0.015625
17 0.265625 0.4140625 0.0609375 0.021875
18 0.37578125 0.465625 0.0625 0.0203125
4 0.46640625 0.4796875 0.03125 0.0140625
4 0.45234375 0.50390625 0.034375 0.015625
16 0.53046875 0.51953125 0.0390625 0.0203125
5 0.62890625 0.0015625 0.0203125 0.003125
1 0.66640625 0.0125 0.0765625 0.021875
9 0.63203125 0.07578125 0.0203125 0.0140625
4 0.91171875 0.05390625 0.0296875 0.015625
14 0.646875 0.09375 0.0484375 0.01875
19 0.840625 0.08046875 0.0703125 0.01875
19 0.75078125 0.1078125 0.0734375 0.01875
19 0.6609375 0.1328125 0.071875 0.01875
19 0.97578125 0.15078125 0.0484375 0.0171875
19 0.921875 0.17578125 0.075 0.015625
6 0.9359375 0.09140625 0.025 0.01875
0 0.86015625 0.11796875 0.0171875 0.0125
4 0.6578125 0.15390625 0.028125 0.0140625
13 0.91015625 0.13515625 0.0453125 0.015625
7 0.78046875 0.165625 0.0453125 0.015625
6 0.64140625 0.19296875 0.0265625 0.015625
4 0.87578125 0.4 0.0265625 0.0140625
4 0.8765625 0.4203125 0.03125 0.0140625
16 0.97734375 0.43203125 0.0453125 0.0171875
18 0.21796875 0.80234375 0.0578125 0.0046875
16 0.0640625 0.86796875 0.059375 0.0234375