17 0.16953125 0.11328125 0.065625 0.0203125
17 0.27578125 0.1296875 0.0625 0.0203125
18 0.275 0.1953125 0.0671875 0.0234375
16 0.0984375 0.26484375 0.0671875 0.021875
15 0.73125 0.00390625 0.021875 0.0078125
10 0.80546875 0.0046875 0.0609375 0.009375
12 0.94296875 0.003125 0.0421875 0.00625
5 0.71875 0.02265625 0.01875 0.0125
1 0.75859375 0.0421875 0.0828125 0.0171875
9 0.71875 0.1015625 0.0140625 0.0125
4 0.99375 0.0953125 0.0125 0.0125
14 0.7328125 0.12265625 0.0453125 0.015625
19 0.9296875 0.11640625 0.071875 0.0140625
19 0.83671875 0.1390625 0.0734375 0.0109375
19 0.74453125 0.1609375 0.075 0.0125
0 0.94609375 0.15625 0.015625 0.015625
4 0.73984375 0.18125 0.03125 0.0125
13 0.9859375 0.17578125 0.028125 0.0109375
7 0.8625 0.1984375 0.046875 0.0125
19 0.984375 0.2171875 0.03125 0.0125
6 0.721875 0.21953125 0.0265625 0.0125
4 0.94765625 0.43828125 0.028125 0.0125
4 0.946875 0.45859375 0.028125 0.0109375
4 0.13671875 0.68359375 0.0328125 0.0171875
19 0.0453125 0.70546875 0.0890625 0.0171875
19 0.34375 0.7671875 0.03125 0.01875
19 0.2234375 0.7890625 0.0890625 0.01875
19 0.13828125 0.8125 0.090625 0.01875
8 0.28984375 0.7015625 0.059375 0.0171875
6 0.16328125 0.72578125 0.03125 0.0140625
0 0.06796875 0.74921875 0.0234375 0.0171875
13 0.12734375 0.76953125 0.05625 0.0171875
17 0.27421875 0.93828125 0.065625 0.015625
17 0.9390625 0.65859375 0.0625 0.0171875
4 0.740625 0.7671875 0.0359375 0.015625
4 0.7421875 0.7890625 0.0328125 0.015625
16 0.865625 0.8078125 0.0703125 0.015625