2 0.153125 0.0703125 0.075 0.02421875
11 0.4875 0.071875 0.14609375 0.0140625
3 0.68203125 0.06953125 0.03671875 0.0140625
5 0.82890625 0.06875 0.02421875 0.015625
15 0.38125 0.09296875 0.025 0.0140625
10 0.47578125 0.0921875 0.071875 0.01328125
12 0.634375 0.09140625 0.05078125 0.0140625
5 0.36640625 0.11171875 0.01875 0.01484375
1 0.4109375 0.13203125 0.0921875 0.01640625
4 0.71796875 0.196875 0.034375 0.01640625
14 0.38125 0.22109375 0.053125 0.01484375
9 0.36640625 0.1984375 0.01875 0.01484375
19 0.6015625 0.22109375 0.084375 0.0140625
19 0.5 0.240625 0.0875 0.0140625
19 0.39375 0.26328125 0.078125 0.01484375
19 0.9140625 0.28359375 0.08203125 0.01796875
19 0.78515625 0.30625 0.08671875 0.0140625
19 0.696875 0.3296875 0.08828125 0.0140625
8 0.828125 0.21875 0.0515625 0.0140625
6 0.7140625 0.23984375 0.02734375 0.0125
0 0.63125 0.26171875 0.015625 0.015625
4 0.38515625 0.284375 0.03046875 0.01484375
13 0.7109375 0.28359375 0.046875 0.01640625
7 0.52421875 0.3046875 0.05234375 0.01796875
6 0.365625 0.328125 0.03046875 0.0140625
17 0.8046875 0.46328125 0.06171875 0.01328125
17 0.47734375 0.5078125 0.06015625 0.0171875
18 0.58359375 0.5671875 0.0609375 0.01640625
4 0.6734375 0.5875 0.03046875 0.0125
4 0.6578125 0.61015625 0.03359375 0.0140625
16 0.7484375 0.6328125 0.06484375 0.01640625