5 0.01484375 0.00546875 0.0203125 0.0109375
1 0.06171875 0.0234375 0.09375 0.0203125
9 0.01484375 0.0875 0.0203125 0.015625
4 0.3546875 0.0859375 0.0390625 0.015625
4 0.03828125 0.1703125 0.0375 0.015625
14 0.02890625 0.109375 0.0546875 0.015625
19 0.26640625 0.10859375 0.0890625 0.0171875
19 0.153125 0.13046875 0.090625 0.0203125
19 0.04453125 0.15 0.0890625 0.01875
19 0.43828125 0.1921875 0.0859375 0.01875
19 0.35390625 0.21484375 0.0875 0.01875
6 0.38046875 0.12734375 0.03125 0.015625
6 0.0140625 0.2109375 0.028125 0.01875
0 0.284375 0.14921875 0.0234375 0.01875
13 0.3453125 0.17109375 0.05625 0.015625
7 0.18203125 0.19140625 0.0546875 0.0203125
17 0.471875 0.3421875 0.034375 0.01875
4 0.28203125 0.45 0.0375 0.01875
4 0.2796875 0.46484375 0.0375 0.0078125
1 0.51640625 0.025 0.0546875 0.015625
4 0.78203125 0.09140625 0.0359375 0.0140625
19 0.6984375 0.11171875 0.084375 0.015625
19 0.5921875 0.134375 0.0875 0.0203125
19 0.50859375 0.15625 0.0390625 0.015625
19 0.8640625 0.19765625 0.084375 0.015625
19 0.784375 0.21796875 0.084375 0.015625
19 0.9796875 0.17578125 0.040625 0.0171875
8 0.92890625 0.11328125 0.053125 0.01875
6 0.809375 0.134375 0.0328125 0.015625
0 0.71640625 0.15390625 0.01875 0.0171875
13 0.775 0.17734375 0.053125 0.015625
7 0.62265625 0.196875 0.05625 0.0171875
17 0.9109375 0.34765625 0.059375 0.015625
17 0.9921875 0.3671875 0.015625 0.015625
18 0.98984375 0.43046875 0.0203125 0.0171875
4 0.71875 0.45390625 0.0375 0.0140625
4 0.71640625 0.4671875 0.0359375 0.003125
17 0.3671875 0.55625 0.053125 0.015625
17 0.4625 0.575 0.053125 0.015625
18 0.46015625 0.63359375 0.05625 0.0171875
4 0.20625 0.64921875 0.028125 0.0125
4 0.20625 0.66796875 0.0296875 0.0125
16 0.2859375 0.68984375 0.05625 0.01875
15 0.64921875 0.471875 0.0234375 0.00625
10 0.7296875 0.47109375 0.059375 0.0046875
12 0.88125 0.47109375 0.04375 0.0046875
5 0.63515625 0.4875 0.015625 0.015625
1 0.6828125 0.50625 0.0828125 0.015625
9 0.634375 0.56328125 0.015625 0.0171875
4 0.9296875 0.56171875 0.03125 0.0140625
14 0.6484375 0.5828125 0.046875 0.015625
19 0.85546875 0.58203125 0.071875 0.015625
19 0.75 0.6015625 0.071875 0.0125
19 0.6609375 0.61953125 0.071875 0.0125
6 0.934375 0.6 0.021875 0.0109375
0 0.8703125 0.61875 0.015625 0.0125
13 0.9296875 0.63671875 0.0484375 0.0140625
6 0.63828125 0.67734375 0.0265625 0.0125
19 0.9796875 0.6546875 0.040625 0.0125
19 0.93046875 0.67578125 0.071875 0.0140625
4 0.88359375 0.88515625 0.028125 0.0125
4 0.8859375 0.90546875 0.03125 0.0125
16 0.96484375 0.92421875 0.059375 0.015625
7 0.7890625 0.6578125 0.0453125 0.015625
4 0.65625 0.6390625 0.025 0.0125