4 0.32734375 0.05390625 0.0375 0.0125
19 0.24375 0.07578125 0.084375 0.0171875
19 0.128125 0.09921875 0.0765625 0.015625
19 0.5453125 0.12734375 0.0796875 0.0171875
19 0.4046875 0.153125 0.0875 0.015625
17 0.45703125 0.29375 0.05625 0.021875
17 0.56484375 0.3125 0.0546875 0.0171875
4 0.28359375 0.3984375 0.03125 0.0171875
4 0.28515625 0.41875 0.034375 0.015625
16 0.371875 0.43671875 0.059375 0.021875
1 0.05078125 0.00546875 0.0921875 0.0109375
14 0.02109375 0.08046875 0.0421875 0.0203125
4 0.02890625 0.14453125 0.0296875 0.015625
13 0.32890625 0.1359375 0.053125 0.01875
19 0.034375 0.121875 0.06875 0.01875
8 0.4578125 0.07109375 0.053125 0.0203125
7 0.171875 0.15703125 0.0578125 0.0203125
6 0.0140625 0.1828125 0.028125 0.015625
19 0.33125 0.175 0.0828125 0.0171875
18 0.56328125 0.37421875 0.0546875 0.01875
0 0.2625 0.11640625 0.0203125 0.021875
9 0.00546875 0.0625 0.0109375 0.01875
5 0.81640625 0.05703125 0.028125 0.0203125
4 0.6953125 0.1890625 0.0125 0.01875
19 0.9140625 0.26875 0.09375 0.0234375
19 0.7703125 0.29375 0.0890625 0.0203125
19 0.71015625 0.31640625 0.0421875 0.0203125
8 0.8328125 0.20625 0.0546875 0.021875
6 0.71328125 0.23125 0.0296875 0.015625
13 0.69765625 0.2734375 0.0171875 0.01875
17 0.82109375 0.44453125 0.065625 0.0203125
17 0.92734375 0.4609375 0.0625 0.0203125
18 0.9265625 0.5265625 0.0671875 0.0234375
18 0.66171875 0.628125 0.0546875 0.015625
16 0.48515625 0.690625 0.0578125 0.015625
4 0.3984375 0.65234375 0.0296875 0.0140625
4 0.396875 0.67265625 0.034375 0.009375
17 0.66328125 0.56953125 0.0515625 0.0171875
17 0.56328125 0.55546875 0.0578125 0.0109375
11 0.80078125 0.66328125 0.13125 0.0140625
3 0.97890625 0.6609375 0.0328125 0.0125
15 0.6921875 0.6828125 0.00625 0.009375
10 0.76484375 0.67890625 0.0609375 0.0140625
12 0.921875 0.678125 0.04375 0.0140625
1 0.7328125 0.7140625 0.0875 0.0125
14 0.85390625 0.78984375 0.046875 0.0125
8 0.90859375 0.80625 0.0484375 0.0171875
6 0.94296875 0.82109375 0.0265625 0.0140625
4 0.9328125 0.85390625 0.028125 0.0125
13 0.6984375 0.87265625 0.01875 0.0109375
19 0.96640625 0.87109375 0.0671875 0.0140625
7 0.69765625 0.88984375 0.0171875 0.0171875
19 0.71328125 0.92265625 0.0484375 0.0140625
19 0.71328125 0.825 0.0484375 0.015625
19 0.9375 0.83671875 0.08125 0.0140625