2 0.2828125 0.08984375 0.0796875 0.01796875
11 0.56328125 0.08359375 0.125 0.01328125
3 0.7328125 0.08203125 0.028125 0.01328125
5 0.853125 0.08125 0.01484375 0.01171875
15 0.46875 0.1046875 0.02109375 0.009375
10 0.5421875 0.1046875 0.0609375 0.01328125
12 0.68046875 0.10390625 0.04140625 0.01484375
5 0.4546875 0.1234375 0.01796875 0.01171875
1 0.49453125 0.14375 0.0828125 0.015625
9 0.45390625 0.20234375 0.0140625 0.01171875
4 0.7375 0.20078125 0.02890625 0.01171875
14 0.4671875 0.2234375 0.0453125 0.0140625
19 0.6640625 0.22109375 0.071875 0.0125
8 0.8640625 0.22109375 0.04453125 0.01171875
19 0.57109375 0.2421875 0.0734375 0.009375
6 0.7609375 0.24140625 0.02578125 0.0125
19 0.478125 0.26171875 0.075 0.01171875
0 0.6796875 0.2609375 0.01484375 0.01484375
4 0.4734375 0.28203125 0.03046875 0.01171875
13 0.72890625 0.28125 0.04453125 0.0109375
19 0.92890625 0.28046875 0.0703125 0.01484375
7 0.5953125 0.3015625 0.04609375 0.01171875
19 0.80625 0.3015625 0.07109375 0.01328125
19 0.73828125 0.32265625 0.071875 0.01171875
6 0.4546875 0.3203125 0.0265625 0.0125
17 0.8484375 0.44296875 0.05 0.0125
17 0.9390625 0.46328125 0.05078125 0.0125
18 0.9390625 0.52421875 0.0515625 0.01171875
4 0.6765625 0.54296875 0.028125 0.01171875
4 0.67578125 0.56328125 0.02734375 0.0109375
16 0.784375 0.584375 0.0578125 0.01796875