11 0.5703125 0.0953125 0.12734375 0.01640625
3 0.73671875 0.09296875 0.03046875 0.015625
5 0.85625 0.0921875 0.0203125 0.01328125
15 0.4765625 0.1140625 0.021875 0.01484375
10 0.546875 0.1140625 0.0578125 0.01484375
12 0.68515625 0.11328125 0.04140625 0.0140625
5 0.4609375 0.1328125 0.0203125 0.0125
1 0.5 0.153125 0.07421875 0.01640625
9 0.45859375 0.2125 0.01640625 0.0125
4 0.7421875 0.21171875 0.02734375 0.0109375
14 0.471875 0.2328125 0.04765625 0.015625
19 0.66875 0.23203125 0.06953125 0.0140625
8 0.865625 0.23046875 0.04765625 0.01328125
19 0.57734375 0.25234375 0.07421875 0.01328125
6 0.7640625 0.25234375 0.0234375 0.01171875
19 0.4859375 0.27265625 0.07109375 0.0140625
0 0.68515625 0.27109375 0.01328125 0.01171875
4 0.4796875 0.29140625 0.028125 0.0109375
13 0.73515625 0.29296875 0.04765625 0.01171875
19 0.93125 0.29140625 0.0703125 0.0125
7 0.6 0.3125 0.0421875 0.01328125
19 0.809375 0.3125 0.07109375 0.01328125
6 0.46171875 0.33125 0.02734375 0.01328125
19 0.74296875 0.33203125 0.06875 0.0109375
17 0.8515625 0.453125 0.0515625 0.01328125
17 0.9421875 0.47265625 0.05234375 0.01328125
18 0.940625 0.53203125 0.05078125 0.0125
4 0.6828125 0.55078125 0.0265625 0.01015625
4 0.6828125 0.571875 0.03203125 0.0109375
16 0.78515625 0.59296875 0.05625 0.0140625
2 0.2921875 0.103125 0.07421875 0.0203125