2 0.71328125 0.08828125 0.09453125 0.02578125
5 0.4859375 0.08828125 0.01953125 0.0203125
5 0.0359375 0.1296875 0.02265625 0.02109375
3 0.33671875 0.0875 0.03671875 0.01484375
4 0.35859375 0.21015625 0.03984375 0.01796875
14 0.053125 0.23359375 0.04375 0.01328125
19 0.27421875 0.23046875 0.07265625 0.0140625
19 0.16015625 0.25078125 0.075 0.01328125
19 0.56953125 0.2921875 0.0796875 0.0171875
13 0.35546875 0.29296875 0.0515625 0.01328125
4 0.06328125 0.2921875 0.02890625 0.0125
19 0.065625 0.271875 0.07421875 0.01640625
19 0.3578125 0.3328125 0.0765625 0.0171875
18 0.578125 0.5375 0.05546875 0.01640625
4 0.3046875 0.5578125 0.0390625 0.0171875
4 0.3078125 0.5796875 0.0359375 0.015625
16 0.3921875 0.59765625 0.06171875 0.0140625
11 0.16328125 0.08671875 0.13671875 0.01484375
15 0.05234375 0.11015625 0.02578125 0.01484375
10 0.1359375 0.1078125 0.0671875 0.01875
12 0.3015625 0.1078125 0.04609375 0.01640625
1 0.0875 0.1484375 0.09296875 0.0171875
8 0.484375 0.2296875 0.04921875 0.0203125
6 0.36328125 0.25 0.0265625 0.01796875
6 0.0421875 0.33203125 0.03125 0.01953125
7 0.2015625 0.31171875 0.04921875 0.01875
19 0.428125 0.31171875 0.07890625 0.015625
17 0.47890625 0.45625 0.05625 0.0203125
0 0.2921875 0.27109375 0.02265625 0.01640625
9 0.0359375 0.2109375 0.01796875 0.01484375