9 0.23984375 0.04453125 0.0171875 0.0140625
14 0.253125 0.06484375 0.046875 0.0140625
19 0.340625 0.08125 0.0375 0.01875
19 0.26875 0.1046875 0.0734375 0.015625
4 0.2625 0.1234375 0.028125 0.0140625
6 0.24609375 0.16328125 0.0265625 0.0125
11 0.57265625 0.0359375 0.125 0.0140625
3 0.74375 0.03125 0.0296875 0.015625
5 0.86484375 0.0265625 0.01875 0.0140625
15 0.47734375 0.05859375 0.0234375 0.0125
10 0.553125 0.05859375 0.0625 0.015625
12 0.69296875 0.05234375 0.0421875 0.0125
5 0.46328125 0.08046875 0.0171875 0.0109375
1 0.50234375 0.0984375 0.0765625 0.0171875
9 0.46484375 0.15859375 0.0140625 0.0125
4 0.75078125 0.14921875 0.028125 0.0109375
14 0.47890625 0.178125 0.0484375 0.0140625
19 0.6796875 0.171875 0.071875 0.0171875
8 0.88125 0.16640625 0.0453125 0.015625
19 0.58359375 0.19609375 0.075 0.015625
6 0.77421875 0.18828125 0.025 0.0109375
19 0.49453125 0.2171875 0.078125 0.0140625
0 0.69453125 0.2109375 0.0125 0.0140625
4 0.4875 0.23671875 0.03125 0.0171875
13 0.7453125 0.228125 0.0453125 0.0171875
19 0.94765625 0.22265625 0.0703125 0.0171875
7 0.61171875 0.253125 0.046875 0.0171875
19 0.8234375 0.246875 0.071875 0.015625
6 0.46875 0.2765625 0.025 0.0125
19 0.7546875 0.26953125 0.075 0.0171875
17 0.8703125 0.38515625 0.0546875 0.01875
17 0.9609375 0.403125 0.0546875 0.015625
18 0.9625 0.46328125 0.0546875 0.0171875
4 0.6984375 0.4921875 0.028125 0.0140625
4 0.6984375 0.51171875 0.03125 0.0125
16 0.80703125 0.52890625 0.0578125 0.0171875
4 0.99140625 0.7609375 0.0171875 0.015625
4 0.99296875 0.77890625 0.0140625 0.0140625