11 0.1609375 0.0875 0.13125 0.01484375
3 0.33828125 0.0859375 0.03046875 0.0140625
5 0.46171875 0.0859375 0.0234375 0.01171875
15 0.06484375 0.11015625 0.025 0.01328125
10 0.13828125 0.1078125 0.0640625 0.01171875
12 0.28125 0.10703125 0.0421875 0.015625
5 0.05 0.13125 0.02109375 0.0140625
1 0.0890625 0.14921875 0.078125 0.01328125
9 0.0515625 0.21015625 0.0140625 0.0125
4 0.3421875 0.2078125 0.0296875 0.01484375
14 0.0640625 0.2296875 0.0453125 0.01171875
19 0.26640625 0.2296875 0.07578125 0.0140625
8 0.475 0.22890625 0.05234375 0.0171875
19 0.1703125 0.25 0.07734375 0.01171875
6 0.36484375 0.246875 0.025 0.0140625
19 0.0796875 0.271875 0.06953125 0.01328125
0 0.28359375 0.26796875 0.0171875 0.01484375
4 0.0734375 0.29140625 0.0328125 0.0171875
13 0.33359375 0.28984375 0.04609375 0.01484375
19 0.54140625 0.28671875 0.07890625 0.0171875
7 0.196875 0.309375 0.05 0.01796875
19 0.4171875 0.309375 0.07421875 0.015625
6 0.05390625 0.33046875 0.028125 0.01328125
19 0.34375 0.3296875 0.0734375 0.01484375
17 0.459375 0.45 0.05078125 0.0171875
17 0.55234375 0.46875 0.053125 0.01484375
18 0.55 0.52890625 0.059375 0.01171875
4 0.28515625 0.553125 0.03671875 0.01328125
4 0.284375 0.571875 0.02890625 0.0125
16 0.39609375 0.5921875 0.06171875 0.0171875
2 0.67421875 0.09140625 0.08359375 0.02265625