2 0.22265625 0.1125 0.05078125 0.0140625
11 0.54296875 0.109375 0.12734375 0.01328125
3 0.71640625 0.11015625 0.0296875 0.01171875
5 0.84375 0.109375 0.0171875 0.0140625
15 0.42734375 0.12734375 0.021875 0.01015625
10 0.50703125 0.1265625 0.0578125 0.01328125
12 0.6609375 0.1265625 0.03984375 0.0125
5 0.41015625 0.14296875 0.01484375 0.0125
1 0.4734375 0.16015625 0.08203125 0.01328125
4 0.82265625 0.22109375 0.02734375 0.0125
14 0.59296875 0.2375 0.04921875 0.0109375
8 0.6453125 0.2546875 0.05 0.01484375
6 0.67890625 0.27109375 0.02421875 0.0109375
19 0.440625 0.271875 0.07265625 0.01484375
19 0.6734375 0.2875 0.075 0.0125
0 0.90625 0.28828125 0.01484375 0.0125
4 0.66953125 0.3046875 0.028125 0.0109375
13 0.42578125 0.31875 0.0453125 0.01171875
19 0.7078125 0.3203125 0.075 0.0140625
7 0.42421875 0.3359375 0.0453125 0.0125
19 0.78046875 0.3375 0.06953125 0.01171875
6 0.415625 0.35234375 0.025 0.01171875
19 0.43828125 0.3703125 0.07109375 0.0125
16 0.58203125 0.38828125 0.0625 0.0140625
17 0.565625 0.4640625 0.053125 0.0109375
17 0.74765625 0.4828125 0.05234375 0.0125
18 0.7296875 0.53125 0.04765625 0.01171875
4 0.65859375 0.54765625 0.02421875 0.0109375
4 0.82109375 0.56484375 0.0296875 0.01171875
9 0.40859375 0.221875 0.01875 0.01171875
16 0.91953125 0.58359375 0.05625 0.01328125
19 0.93125 0.2390625 0.075 0.01171875