11 0.571875 0.0921875 0.12421875 0.0109375
3 0.7390625 0.090625 0.0296875 0.01171875
5 0.859375 0.08984375 0.015625 0.015625
15 0.478125 0.1125 0.021875 0.01015625
10 0.55078125 0.1125 0.0578125 0.01171875
12 0.6859375 0.11015625 0.040625 0.0109375
5 0.46484375 0.13125 0.015625 0.0125
1 0.50078125 0.15078125 0.0765625 0.0140625
9 0.4625 0.2078125 0.0171875 0.01328125
4 0.74453125 0.20859375 0.03046875 0.0109375
14 0.475 0.228125 0.04609375 0.0140625
19 0.6703125 0.22890625 0.07265625 0.01171875
8 0.86953125 0.228125 0.04765625 0.0140625
19 0.5796875 0.2484375 0.07265625 0.01328125
6 0.765625 0.24765625 0.02265625 0.01328125
19 0.48828125 0.2671875 0.06875 0.01171875
0 0.6859375 0.26796875 0.01796875 0.01328125
4 0.4828125 0.28828125 0.03125 0.0125
13 0.7359375 0.2875 0.04453125 0.01328125
19 0.93515625 0.2890625 0.07265625 0.0125
7 0.603125 0.3078125 0.04453125 0.015625
19 0.81171875 0.30859375 0.0703125 0.0140625
6 0.46328125 0.32734375 0.0265625 0.0109375
19 0.74453125 0.328125 0.071875 0.01484375
17 0.853125 0.4484375 0.04921875 0.0125
17 0.94296875 0.46953125 0.05234375 0.01328125
18 0.9421875 0.52890625 0.05 0.015625
4 0.68359375 0.5484375 0.0265625 0.0125
4 0.68359375 0.5671875 0.02734375 0.01015625
16 0.7875 0.58828125 0.05546875 0.0125
2 0.29375 0.0984375 0.0734375 0.01953125