4 0.44765625 0.1578125 0.0328125 0.01875
4 0.45234375 0.1765625 0.0328125 0.01875
19 0.696875 0.00546875 0.078125 0.0109375
4 0.6921875 0.02265625 0.03125 0.01875
13 0.9484375 0.0046875 0.046875 0.009375
7 0.8171875 0.0328125 0.0484375 0.01875
6 0.675 0.06328125 0.0265625 0.0140625
19 0.96015625 0.04140625 0.075 0.021875
4 0.915625 0.26640625 0.0296875 0.015625
4 0.9171875 0.2859375 0.0328125 0.0140625
19 0.36640625 0.58125 0.084375 0.021875
6 0.04453125 0.61328125 0.028125 0.0140625
4 0.0578125 0.571875 0.03125 0.00625
7 0.19609375 0.57734375 0.0515625 0.0171875
17 0.47890625 0.7046875 0.0421875 0.021875
17 0.17578125 0.7796875 0.0625 0.021875
18 0.28671875 0.83203125 0.065625 0.0203125
4 0.31953125 0.84921875 0.0375 0.01875
4 0.3203125 0.86953125 0.0375 0.0171875
16 0.459375 0.8765625 0.0734375 0.021875
18 0.92734375 0.57734375 0.0515625 0.0171875
4 0.85703125 0.6 0.0296875 0.0140625