4 0.27578125 0.02734375 0.03125 0.015625
14 0.00703125 0.0671875 0.0140625 0.015625
19 0.1984375 0.05234375 0.0765625 0.01875
8 0.41171875 0.0375 0.05 0.0203125
19 0.10234375 0.08046875 0.078125 0.015625
6 0.303125 0.065625 0.025 0.0140625
19 0.025 0.10859375 0.05 0.0203125
0 0.21875 0.09140625 0.01875 0.015625
4 0.0109375 0.12890625 0.021875 0.0140625
13 0.27578125 0.10859375 0.0515625 0.0140625
19 0.484375 0.09140625 0.08125 0.01875
7 0.13359375 0.13984375 0.05 0.015625
19 0.3578125 0.121875 0.0796875 0.01875
19 0.28359375 0.14765625 0.078125 0.0171875
17 0.4109375 0.26015625 0.0546875 0.015625
17 0.50703125 0.27265625 0.0578125 0.0171875
18 0.50625 0.33203125 0.05625 0.0171875
4 0.2390625 0.3734375 0.03125 0.0125
4 0.24140625 0.39296875 0.0296875 0.0140625
16 0.35390625 0.4078125 0.059375 0.0203125
18 0.734375 0.00234375 0.059375 0.0046875
9 0.13671875 0.4953125 0.01875 0.015625
4 0.43125 0.47578125 0.028125 0.0140625
14 0.1515625 0.515625 0.046875 0.0203125
19 0.35859375 0.49921875 0.071875 0.0203125
19 0.25390625 0.52734375 0.0734375 0.0203125
19 0.1671875 0.5515625 0.075 0.0203125
8 0.5515625 0.4859375 0.046875 0.01875
6 0.4390625 0.5140625 0.0234375 0.015625
0 0.375 0.5359375 0.0203125 0.015625
4 0.1640625 0.5703125 0.0296875 0.015625
13 0.4359375 0.5515625 0.0484375 0.0203125
6 0.14609375 0.6109375 0.025 0.0171875
19 0.440625 0.58828125 0.075 0.01875
19 0.50390625 0.56640625 0.0765625 0.0203125
19 0.63203125 0.53671875 0.0765625 0.021875
17 0.5578125 0.69609375 0.0546875 0.0203125
17 0.65546875 0.70859375 0.05625 0.0171875
18 0.65625 0.76640625 0.0609375 0.0203125
4 0.40546875 0.8015625 0.028125 0.0171875
4 0.40546875 0.821875 0.0328125 0.0140625
16 0.48828125 0.83515625 0.0578125 0.0234375
7 0.29765625 0.58046875 0.046875 0.0171875
11 0.7390625 0.49140625 0.078125 0.0234375
3 0.88984375 0.478125 0.03125 0.015625
10 0.71171875 0.5140625 0.0234375 0.015625
12 0.834375 0.503125 0.04375 0.01875
4 0.9015625 0.59921875 0.03125 0.0171875
19 0.828125 0.6265625 0.0765625 0.01875
19 0.7359375 0.65234375 0.071875 0.0171875
6 0.92734375 0.63671875 0.0265625 0.015625
0 0.84765625 0.66328125 0.01875 0.015625
13 0.89921875 0.68203125 0.046875 0.01875
7 0.7640625 0.7109375 0.0515625 0.021875
19 0.97265625 0.69453125 0.0546875 0.0203125
19 0.91171875 0.7203125 0.075 0.0203125
4 0.86875 0.94765625 0.0375 0.015625
4 0.86953125 0.96640625 0.0296875 0.0140625
16 0.97578125 0.978125 0.0484375 0.021875