11 0.55078125 0.08828125 0.1328125 0.0140625
3 0.73125 0.08828125 0.03203125 0.01484375
5 0.86171875 0.08828125 0.02265625 0.01171875
15 0.45078125 0.109375 0.021875 0.0109375
10 0.52890625 0.11015625 0.06015625 0.01484375
12 0.67578125 0.1078125 0.0421875 0.01171875
1 0.4734375 0.1484375 0.08359375 0.01328125
9 0.43203125 0.20703125 0.01484375 0.0125
4 0.7375 0.20703125 0.028125 0.0109375
19 0.65859375 0.2265625 0.0734375 0.015625
14 0.44609375 0.22578125 0.04765625 0.015625
8 0.87109375 0.225 0.04921875 0.01640625
19 0.559375 0.2453125 0.07265625 0.0171875
6 0.76015625 0.24609375 0.0234375 0.0109375
19 0.46171875 0.26640625 0.08125 0.01328125
0 0.67421875 0.265625 0.0125 0.01171875
4 0.45390625 0.2859375 0.03203125 0.0140625
13 0.728125 0.2875 0.046875 0.0109375
19 0.940625 0.28671875 0.075 0.0125
7 0.584375 0.3078125 0.04921875 0.01328125
19 0.809375 0.30625 0.07578125 0.01328125
6 0.43203125 0.32421875 0.0265625 0.0109375
19 0.73515625 0.32578125 0.07421875 0.01171875
17 0.853125 0.44765625 0.0546875 0.01328125
17 0.94921875 0.46796875 0.05390625 0.0109375
18 0.94609375 0.52734375 0.0546875 0.0125
4 0.66796875 0.5484375 0.028125 0.01171875
4 0.6671875 0.5671875 0.02734375 0.01328125
16 0.78046875 0.58828125 0.0671875 0.01171875
2 0.2484375 0.09296875 0.09140625 0.025