19 0.40625 0.02265625 0.025 0.0203125
4 0.4140625 0.04375 0.009375 0.015625
6 0.4015625 0.08046875 0.028125 0.0171875
2 0.82578125 0.0171875 0.08125 0.0265625
12 0.43359375 0.00703125 0.0296875 0.0140625
4 0.48046875 0.10859375 0.0296875 0.0171875
19 0.4296875 0.1234375 0.021875 0.021875
19 0.67578125 0.2015625 0.078125 0.0171875
19 0.54765625 0.2140625 0.0765625 0.01875
19 0.4734375 0.2296875 0.075 0.01875
8 0.6125 0.1375 0.0484375 0.01875
6 0.5 0.15 0.0265625 0.015625
0 0.421875 0.16328125 0.00625 0.0171875
13 0.46796875 0.18984375 0.046875 0.0171875
17 0.58125 0.35859375 0.0515625 0.01875
17 0.67421875 0.38515625 0.05625 0.0171875
18 0.6671875 0.4453125 0.0578125 0.0203125
16 0.5046875 0.49609375 0.059375 0.0234375
19 0.7640625 0.66171875 0.075 0.0046875
0 0.99453125 0.67265625 0.0109375 0.0140625
4 0.759375 0.6734375 0.028125 0.0125
13 0.51484375 0.6703125 0.0453125 0.015625
19 0.79609375 0.69140625 0.0765625 0.01875
7 0.5125 0.6875 0.0453125 0.015625
19 0.86796875 0.7140625 0.0703125 0.0171875
6 0.50234375 0.703125 0.025 0.0140625
19 0.52421875 0.72265625 0.071875 0.0171875
16 0.66640625 0.75078125 0.0640625 0.01875
17 0.64453125 0.825 0.053125 0.0140625
17 0.825 0.85625 0.053125 0.015625
18 0.803125 0.903125 0.0484375 0.015625
4 0.73125 0.91484375 0.025 0.0125
4 0.8921875 0.94296875 0.0296875 0.0140625
16 0.9796875 0.96796875 0.040625 0.0171875