4 0.2046875 0.078125 0.0328125 0.01875
4 0.20859375 0.096875 0.03125 0.0171875
16 0.29609375 0.1109375 0.0609375 0.015625
18 0.47421875 0.04453125 0.0515625 0.0203125
9 0.72578125 0.03828125 0.0265625 0.01875
14 0.73984375 0.059375 0.059375 0.0171875
19 0.96796875 0.04453125 0.0640625 0.0203125
19 0.86875 0.07265625 0.090625 0.021875
19 0.76015625 0.09921875 0.0890625 0.01875
0 0.99453125 0.084375 0.0109375 0.015625
4 0.7546875 0.1203125 0.0359375 0.015625
7 0.9015625 0.13359375 0.0578125 0.01875
6 0.734375 0.1640625 0.03125 0.0140625
4 0.01875 0.534375 0.0375 0.01875
19 0.25546875 0.6046875 0.09375 0.0234375
19 0.11171875 0.63515625 0.0875 0.021875
19 0.03515625 0.66171875 0.0703125 0.0171875
8 0.171875 0.546875 0.0578125 0.0203125
6 0.04921875 0.57421875 0.0328125 0.01875
13 0.02265625 0.61953125 0.0453125 0.0203125
17 0.1703125 0.7828125 0.0640625 0.0203125
17 0.28046875 0.79765625 0.065625 0.01875
18 0.2796875 0.8609375 0.0671875 0.0171875
16 0.10078125 0.9375 0.0671875 0.0171875
11 0.76875 0.5234375 0.13125 0.01875
3 0.946875 0.51484375 0.0328125 0.0140625
15 0.65234375 0.546875 0.025 0.009375
10 0.73359375 0.540625 0.0609375 0.0171875
12 0.88984375 0.53359375 0.04375 0.015625
5 0.63671875 0.5625 0.0171875 0.0140625
1 0.7015625 0.5765625 0.090625 0.015625
14 0.8265625 0.6484375 0.046875 0.0140625
8 0.88125 0.6625 0.0484375 0.01875
6 0.91640625 0.6765625 0.0265625 0.0140625
4 0.90703125 0.709375 0.028125 0.0140625
13 0.66015625 0.73671875 0.046875 0.0125
19 0.94609375 0.725 0.075 0.015625
7 0.66015625 0.75390625 0.0453125 0.01875
19 0.9921875 0.7375 0.015625 0.015625
6 0.65 0.771875 0.0234375 0.0109375
19 0.67578125 0.7859375 0.078125 0.0171875
17 0.80859375 0.87421875 0.0515625 0.0140625
17 0.984375 0.88203125 0.03125 0.0171875
18 0.97578125 0.93203125 0.0484375 0.0171875
4 0.90703125 0.95234375 0.0296875 0.0125
9 0.63828125 0.64140625 0.015625 0.0125
19 0.671875 0.6890625 0.078125 0.01875
19 0.91171875 0.6921875 0.08125 0.0171875