19 0.03359375 0.00234375 0.0671875 0.0046875
6 0.225 0.00625 0.028125 0.0125
0 0.13984375 0.0203125 0.0171875 0.015625
13 0.1921875 0.04375 0.04375 0.0125
19 0.396875 0.05390625 0.078125 0.0203125
19 0.2703125 0.06875 0.075 0.015625
19 0.196875 0.08515625 0.0734375 0.01875
7 0.053125 0.0578125 0.0484375 0.01875
17 0.30625 0.21171875 0.0546875 0.01875
17 0.40078125 0.2359375 0.0578125 0.0171875
18 0.39453125 0.29609375 0.059375 0.0171875
4 0.12578125 0.30234375 0.0328125 0.015625
4 0.12578125 0.3234375 0.0328125 0.0140625
16 0.2328125 0.34765625 0.0625 0.0234375
6 0.68515625 0.00703125 0.0265625 0.0140625
19 0.96484375 0.02265625 0.0703125 0.0171875
4 0.89375 0.23984375 0.028125 0.0140625
4 0.89140625 0.259375 0.028125 0.0109375
16 0.9828125 0.2859375 0.034375 0.01875
4 0.3640625 0.45234375 0.03125 0.0046875
6 0.34453125 0.48515625 0.0265625 0.015625
17 0.896875 0.56640625 0.059375 0.0203125
17 0.5765625 0.59765625 0.0625 0.0203125
18 0.6796875 0.66484375 0.0640625 0.01875
4 0.71015625 0.68671875 0.0375 0.01875
4 0.7078125 0.70703125 0.0375 0.015625
16 0.84453125 0.7328125 0.0734375 0.01875