11 0.0359375 0.0390625 0.071875 0.021875
3 0.1828125 0.02578125 0.034375 0.015625
5 0.3109375 0.0171875 0.015625 0.0125
10 0.0078125 0.0609375 0.015625 0.01875
12 0.12890625 0.04921875 0.046875 0.015625
4 0.196875 0.14609375 0.03125 0.0125
19 0.12109375 0.1703125 0.078125 0.0171875
8 0.32890625 0.15625 0.05 0.01875
19 0.03203125 0.19921875 0.0640625 0.0171875
6 0.22265625 0.18359375 0.0234375 0.0140625
0 0.140625 0.209375 0.021875 0.015625
13 0.1953125 0.2265625 0.046875 0.0171875
19 0.403125 0.21328125 0.0765625 0.01875
7 0.05703125 0.2578125 0.05 0.0171875
19 0.27890625 0.2421875 0.075 0.01875
19 0.20703125 0.26875 0.078125 0.021875
17 0.33203125 0.38125 0.05625 0.0171875
17 0.42578125 0.39296875 0.05625 0.0171875
18 0.42890625 0.45390625 0.0578125 0.0203125
4 0.1625 0.49375 0.0328125 0.0140625
4 0.1640625 0.51484375 0.0328125 0.0125
16 0.27421875 0.5265625 0.059375 0.0171875
2 0.525 0.0109375 0.08125 0.021875
2 0.875 0.01015625 0.078125 0.0203125
5 0.659375 0.0140625 0.0203125 0.0125
8 0.678125 0.15390625 0.0484375 0.015625
19 0.646875 0.23984375 0.034375 0.0171875
19 0.75078125 0.209375 0.0734375 0.0171875
17 0.6796875 0.37734375 0.053125 0.0171875
17 0.77734375 0.390625 0.0578125 0.0171875
18 0.77734375 0.45 0.059375 0.01875
16 0.64140625 0.52265625 0.0234375 0.0203125
9 0.190625 0.6203125 0.015625 0.01875
4 0.48515625 0.59765625 0.03125 0.015625
14 0.20546875 0.63828125 0.046875 0.01875
19 0.4125 0.6234375 0.071875 0.0203125
19 0.30859375 0.65 0.0734375 0.01875
19 0.22109375 0.67421875 0.071875 0.01875
8 0.60625 0.6078125 0.046875 0.01875
6 0.4921875 0.6359375 0.0234375 0.0125
0 0.4296875 0.65859375 0.0171875 0.0140625
13 0.48984375 0.67265625 0.05 0.0171875
6 0.20234375 0.73359375 0.028125 0.0140625
19 0.5578125 0.68671875 0.071875 0.0171875
19 0.49375 0.71171875 0.0734375 0.01875
17 0.6078125 0.81640625 0.04375 0.0171875
4 0.46171875 0.9234375 0.0296875 0.015625
4 0.46484375 0.94375 0.0328125 0.0140625
16 0.5453125 0.95703125 0.0609375 0.0203125
7 0.3515625 0.703125 0.046875 0.01875
4 0.2171875 0.69375 0.0265625 0.0140625
4 0.7171875 0.609375 0.034375 0.0171875
19 0.65078125 0.63515625 0.0421875 0.0203125
19 0.934375 0.6765625 0.0875 0.0234375
19 0.79453125 0.7078125 0.0828125 0.0265625
19 0.72265625 0.73359375 0.0796875 0.01875
13 0.71484375 0.690625 0.0546875 0.01875
4 0.68046875 0.95859375 0.0359375 0.0171875
4 0.684375 0.98046875 0.034375 0.0203125
16 0.771875 0.9921875 0.065625 0.015625
8 0.84453125 0.61953125 0.053125 0.0234375
6 0.7171875 0.64765625 0.0265625 0.021875
17 0.85078125 0.846875 0.059375 0.021875
18 0.95859375 0.91875 0.053125 0.0234375
0 0.6515625 0.6734375 0.021875 0.021875