2 0.2265625 0.10390625 0.096875 0.028125
11 0.53984375 0.10078125 0.128125 0.02109375
3 0.709375 0.0984375 0.03359375 0.01796875
5 0.8515625 0.09921875 0.02109375 0.0171875
15 0.4296875 0.121875 0.028125 0.01640625
10 0.515625 0.12109375 0.065625 0.0171875
12 0.6765625 0.11796875 0.04140625 0.01640625
5 0.41484375 0.1421875 0.0203125 0.01171875
1 0.46328125 0.16015625 0.0984375 0.015625
4 0.72890625 0.21640625 0.0359375 0.015625
14 0.43125 0.23828125 0.046875 0.0140625
19 0.646875 0.23671875 0.078125 0.01484375
8 0.85390625 0.234375 0.05078125 0.021875
19 0.53671875 0.25625 0.071875 0.0171875
6 0.7328125 0.25625 0.03125 0.0171875
19 0.4390625 0.27734375 0.0828125 0.0171875
0 0.66171875 0.27265625 0.02109375 0.01796875
4 0.43359375 0.29375 0.034375 0.0125
13 0.7265625 0.29296875 0.05 0.01484375
19 0.93359375 0.2921875 0.08125 0.02109375
7 0.57890625 0.31328125 0.05078125 0.01875
19 0.79765625 0.3140625 0.0796875 0.0203125
6 0.41484375 0.3328125 0.03359375 0.01875
19 0.7296875 0.3328125 0.08203125 0.0125
17 0.84609375 0.45 0.05390625 0.01875
18 0.9421875 0.5265625 0.0515625 0.0171875
4 0.6796875 0.546875 0.0328125 0.0140625
4 0.68046875 0.5671875 0.03359375 0.01328125
16 0.76328125 0.5859375 0.0625 0.015625
9 0.4125 0.21796875 0.01953125 0.01484375