10 0.0578125 0.0140625 0.0625 0.01875
1 0.034375 0.04609375 0.06875 0.0140625
4 0.375 0.09453125 0.009375 0.0140625
14 0.146875 0.1203125 0.0484375 0.015625
8 0.2046875 0.13359375 0.0484375 0.0171875
19 0.015625 0.16171875 0.03125 0.0171875
6 0.24140625 0.14921875 0.028125 0.0140625
19 0.23359375 0.16796875 0.078125 0.0171875
4 0.21953125 0.1859375 0.03125 0.0140625
19 0.27109375 0.2 0.0796875 0.01875
19 0.346875 0.21328125 0.065625 0.0171875
19 0.01484375 0.26015625 0.0296875 0.0171875
17 0.1296875 0.35078125 0.05625 0.015625
18 0.33046875 0.41015625 0.05625 0.0171875
4 0.228125 0.43046875 0.0296875 0.0125
12 0.221875 0.00625 0.04375 0.0125
4 0.390625 0.0078125 0.021875 0.015625
19 0.784375 0.015625 0.0859375 0.021875
19 0.70078125 0.040625 0.0875 0.021875
13 0.690625 0.003125 0.05625 0.00625
7 0.528125 0.0234375 0.0546875 0.021875
17 0.84140625 0.16328125 0.0734375 0.0203125
17 0.94609375 0.18359375 0.0640625 0.01875
18 0.946875 0.24609375 0.0640625 0.0171875
4 0.63671875 0.278125 0.0390625 0.0203125
4 0.6359375 0.2984375 0.0375 0.01875
16 0.7640625 0.31875 0.0703125 0.021875
17 0.0734375 0.684375 0.0546875 0.0171875
18 0.0828125 0.7328125 0.0578125 0.0171875
4 0.153125 0.7625 0.03125 0.0125
16 0.2578125 0.77734375 0.0578125 0.01875
0 0.465625 0.575 0.01875 0.0125
13 0.52890625 0.590625 0.0484375 0.015625
19 0.7375 0.58203125 0.0765625 0.015625
19 0.6015625 0.60703125 0.0765625 0.015625
19 0.53359375 0.628125 0.0765625 0.015625
7 0.39296875 0.6140625 0.0265625 0.015625
17 0.65390625 0.73828125 0.0546875 0.015625
17 0.7546875 0.753125 0.05625 0.015625
18 0.75546875 0.81015625 0.0609375 0.0171875
4 0.4875 0.8390625 0.0328125 0.0140625
4 0.48671875 0.859375 0.03125 0.015625
16 0.5734375 0.87578125 0.0578125 0.0171875