19 0.1671875 0.003125 0.078125 0.00625
19 0.0921875 0.0171875 0.078125 0.0140625
17 0.20859375 0.140625 0.0546875 0.0140625
17 0.30390625 0.1609375 0.05625 0.0140625
18 0.29765625 0.2203125 0.0546875 0.015625
4 0.028125 0.23828125 0.03125 0.0109375
4 0.028125 0.2578125 0.0296875 0.0125
16 0.1390625 0.28203125 0.0578125 0.0171875
19 0.871875 0.0015625 0.075 0.003125
19 0.52421875 0.025 0.0484375 0.015625
17 0.64375 0.121875 0.05625 0.015625
18 0.840625 0.19140625 0.05625 0.015625
4 0.73828125 0.20625 0.0296875 0.0125
4 0.909375 0.22421875 0.028125 0.0140625
16 0.9921875 0.24296875 0.015625 0.0140625
11 0.36796875 0.63125 0.128125 0.01875
15 0.27421875 0.6484375 0.021875 0.015625
10 0.34453125 0.64921875 0.0578125 0.015625
12 0.48046875 0.65078125 0.0390625 0.0140625
5 0.2578125 0.66640625 0.0203125 0.0125
1 0.296875 0.6875 0.075 0.0171875
9 0.25390625 0.74609375 0.0171875 0.0125
14 0.2671875 0.76640625 0.0484375 0.0171875
19 0.4640625 0.76953125 0.0703125 0.015625
19 0.37265625 0.78828125 0.075 0.0140625
19 0.28046875 0.80703125 0.071875 0.015625
0 0.4796875 0.80859375 0.0140625 0.0125
4 0.27421875 0.82578125 0.028125 0.0109375
7 0.39375 0.8484375 0.0421875 0.0140625
6 0.25546875 0.86484375 0.028125 0.0140625
2 0.08984375 0.63359375 0.075 0.021875
4 0.5859375 0.5734375 0.034375 0.01875
19 0.5203125 0.590625 0.040625 0.01875
19 0.8125 0.6609375 0.09375 0.0234375
19 0.66875 0.68125 0.0890625 0.0203125
19 0.584375 0.70078125 0.0890625 0.0203125
8 0.7328125 0.5953125 0.0546875 0.021875
0 0.5171875 0.634375 0.025 0.01875
6 0.61328125 0.61640625 0.0296875 0.015625
13 0.578125 0.65859375 0.0546875 0.01875
17 0.71328125 0.83359375 0.065625 0.0203125
17 0.81953125 0.853125 0.0625 0.0203125
18 0.815625 0.91875 0.0671875 0.0234375
4 0.51796875 0.93671875 0.0359375 0.0171875
4 0.5171875 0.95703125 0.034375 0.0171875
16 0.6375 0.98203125 0.0671875 0.021875